F0_0 0 2.00 0.50 0
F0_1 0 2.00 2.00 0
F0_2 0 2.00 3.50 0
F0_3 0 2.00 5.00 0
F0_4 0 2.00 6.50 0
F0_5 0 2.00 8.00 0
F0_6 0 2.00 9.50 0
F0_7 0 2.00 11.00 0
F0_8 0 2.00 12.50 0
F0_9 0 2.00 14.00 0
F0_10 0 2.00 15.50 0
F0_11 0 2.00 17.00 0
F0_12 0 2.00 18.50 0
F0_13 0 2.00 20.00 0
F0_14 0 2.00 21.50 0
F0_15 0 2.00 23.00 0
F0_16 0 2.00 24.50 0
F0_17 0 2.00 26.00 0
F0_18 0 2.00 27.50 0
F0_19 0 2.00 29.00 0
F0_20 0 2.00 30.50 0
F0_21 0 2.00 32.00 0
F0_22 0 2.00 33.50 0
F0_23 0 2.00 35.00 0
F0_24 0 2.00 36.50 0
F0_25 0 2.00 38.00 0
F0_26 0 2.00 39.50 0
F0_27 0 2.00 41.00 0
F0_28 0 2.00 42.50 0
F0_29 0 2.00 44.00 0
F0_30 0 2.00 45.50 0
F0_31 0 2.00 47.00 0
F0_32 0 2.00 48.50 0
F0_33 0 2.00 50.00 0
F0_34 0 2.00 51.50 0
F0_35 0 2.00 53.00 0
F0_36 0 2.00 54.50 0
F0_37 0 2.00 56.00 0
F0_38 0 2.00 57.50 0
F0_39 0 2.00 59.00 0
F0_40 0 2.00 60.50 0
F0_41 0 2.00 62.00 0
F0_42 0 2.00 63.50 0
F0_43 0 2.00 65.00 0
F0_44 0 2.00 66.50 0
F0_45 0 2.00 68.00 0
F0_46 0 2.00 69.50 0
F0_47 0 2.00 71.00 0
F0_48 0 2.00 72.50 0
F0_49 0 2.00 74.00 0
F0_50 0 2.00 75.50 0
F0_51 0 2.00 77.00 0
F0_52 0 2.00 78.50 0
F0_53 0 2.00 80.00 0
F0_54 0 2.00 81.50 0
F0_55 0 2.00 83.00 0
F0_56 0 2.00 84.50 0
F0_57 0 2.00 86.00 0
F0_58 0 2.00 87.50 0
F0_59 0 2.00 89.00 0
F0_60 0 2.00 90.50 0
F0_61 0 2.00 92.00 0
F0_62 0 2.00 93.50 0
F0_63 0 2.00 95.00 0
F0_64 0 2.00 96.50 0
F0_65 0 3.50 0.50 0
F0_66 0 3.50 2.00 0
F0_67 0 3.50 3.50 0
F0_68 0 3.50 5.00 0
F0_69 0 3.50 6.50 0
F0_70 0 3.50 8.00 0
F0_71 0 3.50 9.50 0
F0_72 0 3.50 11.00 0
F0_73 0 3.50 12.50 0
F0_74 0 3.50 14.00 0
F0_75 0 3.50 15.50 0
F0_76 0 3.50 17.00 0
F0_77 0 3.50 18.50 0
F0_78 0 3.50 20.00 0
F0_79 0 3.50 21.50 0
F0_80 0 3.50 23.00 0
F0_81 0 3.50 24.50 0
F0_82 0 3.50 26.00 0
F0_83 0 3.50 27.50 0
F0_84 0 3.50 29.00 0
F0_85 0 3.50 30.50 0
F0_86 0 3.50 32.00 0
F0_87 0 3.50 33.50 0
F0_88 0 3.50 35.00 0
F0_89 0 3.50 36.50 0
F0_90 0 3.50 38.00 0
F0_91 0 3.50 39.50 0
F0_92 0 3.50 41.00 0
F0_93 0 3.50 42.50 0
F0_94 0 3.50 44.00 0
F0_95 0 3.50 45.50 0
F0_96 0 3.50 47.00 0
F0_97 0 3.50 48.50 0
F0_98 0 3.50 50.00 0
F0_99 0 3.50 51.50 0
F0_100 0 3.50 53.00 0
F0_101 0 3.50 54.50 0
F0_102 0 3.50 56.00 0
F0_103 0 3.50 57.50 0
F0_104 0 3.50 59.00 0
F0_105 0 3.50 60.50 0
F0_106 0 3.50 62.00 0
F0_107 0 3.50 63.50 0
F0_108 0 3.50 65.00 0
F0_109 0 3.50 66.50 0
F0_110 0 3.50 68.00 0
F0_111 0 3.50 69.50 0
F0_112 0 3.50 71.00 0
F0_113 0 3.50 72.50 0
F0_114 0 3.50 74.00 0
F0_115 0 3.50 75.50 0
F0_116 0 3.50 77.00 0
F0_117 0 3.50 78.50 0
F0_118 0 3.50 80.00 0
F0_119 0 3.50 81.50 0
F0_120 0 3.50 83.00 0
F0_121 0 3.50 84.50 0
F0_122 0 3.50 86.00 0
F0_123 0 3.50 87.50 0
F0_124 0 3.50 89.00 0
F0_125 0 3.50 90.50 0
F0_126 0 3.50 92.00 0
F0_127 0 3.50 93.50 0
F0_128 0 3.50 95.00 0
F0_129 0 3.50 96.50 0
F0_130 0 5.00 0.50 0
F0_131 0 5.00 2.00 0
F0_132 0 5.00 3.50 0
F0_133 0 5.00 5.00 0
F0_134 0 5.00 6.50 0
F0_135 0 5.00 8.00 0
F0_136 0 5.00 9.50 0
F0_137 0 5.00 11.00 0
F0_138 0 5.00 12.50 0
F0_139 0 5.00 14.00 0
F0_140 0 5.00 15.50 0
F0_141 0 5.00 17.00 0
F0_142 0 5.00 18.50 0
F0_143 0 5.00 20.00 0
F0_144 0 5.00 21.50 0
F0_145 0 5.00 23.00 0
F0_146 0 5.00 24.50 0
F0_147 0 5.00 26.00 0
F0_148 0 5.00 27.50 0
F0_149 0 5.00 29.00 0
F0_150 0 5.00 30.50 0
F0_151 0 5.00 32.00 0
F0_152 0 5.00 33.50 0
F0_153 0 5.00 35.00 0
F0_154 0 5.00 36.50 0
F0_155 0 5.00 38.00 0
F0_156 0 5.00 39.50 0
F0_157 0 5.00 41.00 0
F0_158 0 5.00 42.50 0
F0_159 0 5.00 44.00 0
F0_160 0 5.00 45.50 0
F0_161 0 5.00 47.00 0
F0_162 0 5.00 48.50 0
F0_163 0 5.00 50.00 0
F0_164 0 5.00 51.50 0
F0_165 0 5.00 53.00 0
F0_166 0 5.00 54.50 0
F0_167 0 5.00 56.00 0
F0_168 0 5.00 57.50 0
F0_169 0 5.00 59.00 0
F0_170 0 5.00 60.50 0
F0_171 0 5.00 62.00 0
F0_172 0 5.00 63.50 0
F0_173 0 5.00 65.00 0
F0_174 0 5.00 66.50 0
F0_175 0 5.00 68.00 0
F0_176 0 5.00 69.50 0
F0_177 0 5.00 71.00 0
F0_178 0 5.00 72.50 0
F0_179 0 5.00 74.00 0
F0_180 0 5.00 75.50 0
F0_181 0 5.00 77.00 0
F0_182 0 5.00 78.50 0
F0_183 0 5.00 80.00 0
F0_184 0 5.00 81.50 0
F0_185 0 5.00 83.00 0
F0_186 0 5.00 84.50 0
F0_187 0 5.00 86.00 0
F0_188 0 5.00 87.50 0
F0_189 0 5.00 89.00 0
F0_190 0 5.00 90.50 0
F0_191 0 5.00 92.00 0
F0_192 0 5.00 93.50 0
F0_193 0 5.00 95.00 0
F0_194 0 5.00 96.50 0
F0_195 0 6.50 44.00 0
F0_196 0 6.50 45.50 0
F0_197 0 6.50 47.00 0
F0_198 0 6.50 48.50 0
F0_199 0 6.50 50.00 0
F0_200 0 6.50 51.50 0
F0_201 0 6.50 53.00 0
F0_202 0 6.50 54.50 0
F0_203 0 6.50 56.00 0
F0_204 0 6.50 57.50 0
F0_205 0 6.50 59.00 0
F0_206 0 6.50 60.50 0
F0_207 0 6.50 62.00 0
F0_208 0 6.50 63.50 0
F0_209 0 6.50 65.00 0
F0_210 0 6.50 66.50 0
F0_211 0 6.50 68.00 0
F0_212 0 6.50 69.50 0
F0_213 0 6.50 71.00 0
F0_214 0 6.50 72.50 0
F0_215 0 6.50 74.00 0
F0_216 0 6.50 75.50 0
F0_217 0 6.50 77.00 0
F0_218 0 6.50 78.50 0
F0_219 0 6.50 80.00 0
F0_220 0 6.50 81.50 0
F0_221 0 6.50 83.00 0
F0_BLOCK20_SENTRY 0 6.50 85.50 0
F0_222 0 8.00 44.00 0
F0_223 0 8.00 45.50 0
F0_224 0 8.00 47.00 0
F0_225 0 8.00 48.50 0
F0_226 0 8.00 50.00 0
F0_227 0 8.00 51.50 0
F0_228 0 8.00 53.00 0
F0_229 0 8.00 54.50 0
F0_230 0 8.00 56.00 0
F0_231 0 8.00 57.50 0
F0_232 0 8.00 59.00 0
F0_233 0 8.00 60.50 0
F0_234 0 8.00 62.00 0
F0_235 0 8.00 63.50 0
F0_236 0 8.00 65.00 0
F0_237 0 8.00 66.50 0
F0_238 0 8.00 68.00 0
F0_239 0 8.00 69.50 0
F0_240 0 8.00 71.00 0
F0_241 0 8.00 72.50 0
F0_242 0 8.00 74.00 0
F0_243 0 8.00 75.50 0
F0_244 0 8.00 77.00 0
F0_245 0 8.00 78.50 0
F0_246 0 8.00 80.00 0
F0_247 0 8.00 81.50 0
F0_248 0 9.50 44.00 0
F0_249 0 9.50 45.50 0
F0_250 0 9.50 47.00 0
F0_251 0 9.50 48.50 0
F0_252 0 9.50 50.00 0
F0_253 0 9.50 51.50 0
F0_254 0 9.50 53.00 0
F0_255 0 9.50 54.50 0
F0_256 0 9.50 56.00 0
F0_257 0 9.50 57.50 0
F0_258 0 9.50 59.00 0
F0_259 0 9.50 60.50 0
F0_260 0 9.50 62.00 0
F0_261 0 9.50 63.50 0
F0_262 0 9.50 65.00 0
F0_263 0 9.50 66.50 0
F0_264 0 9.50 68.00 0
F0_265 0 9.50 69.50 0
F0_266 0 9.50 71.00 0
F0_267 0 9.50 72.50 0
F0_268 0 9.50 74.00 0
F0_269 0 9.50 75.50 0
F0_270 0 9.50 77.00 0
F0_271 0 9.50 78.50 0
F0_272 0 9.50 80.00 0
F0_273 0 11.00 44.00 0
F0_274 0 11.00 45.50 0
F0_275 0 11.00 47.00 0
F0_276 0 11.00 48.50 0
F0_277 0 11.00 50.00 0
F0_278 0 11.00 51.50 0
F0_279 0 11.00 53.00 0
F0_280 0 11.00 54.50 0
F0_281 0 11.00 56.00 0
F0_282 0 11.00 57.50 0
F0_283 0 11.00 59.00 0
F0_284 0 11.00 60.50 0
F0_285 0 11.00 62.00 0
F0_286 0 11.00 63.50 0
F0_287 0 11.00 65.00 0
F0_288 0 11.00 66.50 0
F0_289 0 11.00 68.00 0
F0_290 0 11.00 69.50 0
F0_291 0 11.00 71.00 0
F0_292 0 11.00 72.50 0
F0_293 0 11.00 74.00 0
F0_294 0 11.00 75.50 0
F0_295 0 11.00 77.00 0
F0_296 0 11.00 78.50 0
F0_297 0 12.50 44.00 0
F0_298 0 12.50 45.50 0
F0_299 0 12.50 47.00 0
F0_300 0 12.50 48.50 0
F0_301 0 12.50 50.00 0
F0_302 0 12.50 51.50 0
F0_303 0 12.50 53.00 0
F0_304 0 12.50 54.50 0
F0_305 0 12.50 56.00 0
F0_306 0 12.50 57.50 0
F0_307 0 12.50 59.00 0
F0_308 0 12.50 60.50 0
F0_309 0 12.50 62.00 0
F0_310 0 12.50 63.50 0
F0_311 0 12.50 65.00 0
F0_312 0 12.50 66.50 0
F0_313 0 12.50 68.00 0
F0_314 0 12.50 69.50 0
F0_315 0 12.50 71.00 0
F0_316 0 12.50 72.50 0
F0_317 0 12.50 74.00 0
F0_318 0 12.50 75.50 0
F0_319 0 12.50 77.00 0
F0_320 0 12.50 78.50 0
F0_321 0 14.00 44.00 0
F0_322 0 14.00 45.50 0
F0_323 0 14.00 47.00 0
F0_324 0 14.00 48.50 0
F0_325 0 14.00 50.00 0
F0_326 0 14.00 51.50 0
F0_327 0 14.00 53.00 0
F0_328 0 14.00 54.50 0
F0_329 0 14.00 56.00 0
F0_330 0 14.00 57.50 0
F0_331 0 14.00 59.00 0
F0_332 0 14.00 60.50 0
F0_333 0 14.00 62.00 0
F0_334 0 14.00 63.50 0
F0_335 0 14.00 65.00 0
F0_336 0 14.00 66.50 0
F0_337 0 14.00 68.00 0
F0_338 0 14.00 69.50 0
F0_339 0 14.00 71.00 0
F0_340 0 14.00 72.50 0
F0_341 0 14.00 74.00 0
F0_342 0 14.00 75.50 0
F0_343 0 14.00 77.00 0
F0_344 0 15.50 44.00 0
F0_345 0 15.50 45.50 0
F0_346 0 15.50 47.00 0
F0_347 0 15.50 48.50 0
F0_348 0 15.50 50.00 0
F0_349 0 15.50 51.50 0
F0_350 0 15.50 53.00 0
F0_351 0 15.50 54.50 0
F0_352 0 15.50 56.00 0
F0_353 0 15.50 57.50 0
F0_354 0 15.50 59.00 0
F0_355 0 15.50 60.50 0
F0_356 0 15.50 62.00 0
F0_357 0 15.50 63.50 0
F0_358 0 15.50 65.00 0
F0_359 0 15.50 66.50 0
F0_360 0 15.50 68.00 0
F0_361 0 15.50 69.50 0
F0_362 0 15.50 71.00 0
F0_363 0 15.50 72.50 0
F0_364 0 15.50 74.00 0
F0_365 0 15.50 75.50 0
F0_366 0 15.50 77.00 0
F0_367 0 17.00 44.00 0
F0_368 0 17.00 45.50 0
F0_369 0 17.00 47.00 0
F0_370 0 17.00 48.50 0
F0_371 0 17.00 50.00 0
F0_372 0 17.00 51.50 0
F0_373 0 17.00 53.00 0
F0_374 0 17.00 54.50 0
F0_375 0 17.00 56.00 0
F0_376 0 17.00 57.50 0
F0_377 0 17.00 59.00 0
F0_378 0 17.00 60.50 0
F0_379 0 17.00 62.00 0
F0_380 0 17.00 63.50 0
F0_381 0 17.00 65.00 0
F0_382 0 17.00 66.50 0
F0_383 0 17.00 68.00 0
F0_384 0 17.00 69.50 0
F0_385 0 17.00 71.00 0
F0_386 0 17.00 72.50 0
F0_387 0 17.00 74.00 0
F0_388 0 17.00 75.50 0
F0_389 0 18.50 44.00 0
F0_390 0 18.50 45.50 0
F0_391 0 18.50 47.00 0
F0_392 0 18.50 48.50 0
F0_393 0 18.50 50.00 0
F0_394 0 18.50 51.50 0
F0_395 0 18.50 53.00 0
F0_396 0 18.50 54.50 0
F0_397 0 18.50 56.00 0
F0_398 0 18.50 57.50 0
F0_399 0 18.50 59.00 0
F0_400 0 18.50 60.50 0
F0_401 0 18.50 62.00 0
F0_402 0 18.50 63.50 0
F0_403 0 18.50 65.00 0
F0_404 0 18.50 66.50 0
F0_405 0 18.50 68.00 0
F0_406 0 18.50 69.50 0
F0_407 0 18.50 71.00 0
F0_408 0 18.50 72.50 0
F0_409 0 18.50 74.00 0
F0_410 0 18.50 75.50 0
F0_411 0 20.00 44.00 0
F0_412 0 20.00 45.50 0
F0_413 0 20.00 47.00 0
F0_414 0 20.00 48.50 0
F0_415 0 20.00 50.00 0
F0_416 0 20.00 51.50 0
F0_417 0 20.00 53.00 0
F0_418 0 20.00 54.50 0
F0_419 0 20.00 56.00 0
F0_420 0 20.00 57.50 0
F0_421 0 20.00 59.00 0
F0_422 0 20.00 60.50 0
F0_423 0 20.00 62.00 0
F0_424 0 20.00 63.50 0
F0_425 0 20.00 65.00 0
F0_426 0 20.00 66.50 0
F0_427 0 20.00 68.00 0
F0_428 0 20.00 69.50 0
F0_429 0 20.00 71.00 0
F0_430 0 20.00 72.50 0
F0_431 0 20.00 74.00 0
F0_432 0 21.50 44.00 0
F0_433 0 21.50 45.50 0
F0_434 0 21.50 47.00 0
F0_435 0 21.50 48.50 0
F0_436 0 21.50 50.00 0
F0_437 0 21.50 51.50 0
F0_438 0 21.50 53.00 0
F0_439 0 21.50 54.50 0
F0_440 0 21.50 56.00 0
F0_441 0 21.50 57.50 0
F0_442 0 21.50 59.00 0
F0_443 0 21.50 60.50 0
F0_444 0 21.50 62.00 0
F0_445 0 21.50 63.50 0
F0_446 0 21.50 65.00 0
F0_447 0 21.50 66.50 0
F0_448 0 21.50 68.00 0
F0_449 0 21.50 69.50 0
F0_450 0 21.50 71.00 0
F0_451 0 21.50 72.50 0
F0_452 0 23.00 44.00 0
F0_453 0 23.00 45.50 0
F0_454 0 23.00 47.00 0
F0_455 0 23.00 48.50 0
F0_456 0 23.00 50.00 0
F0_457 0 23.00 51.50 0
F0_458 0 23.00 53.00 0
F0_459 0 23.00 54.50 0
F0_460 0 23.00 56.00 0
F0_461 0 23.00 57.50 0
F0_462 0 23.00 59.00 0
F0_463 0 23.00 60.50 0
F0_464 0 23.00 62.00 0
F0_465 0 23.00 63.50 0
F0_466 0 23.00 65.00 0
F0_467 0 23.00 66.50 0
F0_468 0 23.00 68.00 0
F0_469 0 23.00 69.50 0
F0_470 0 23.00 71.00 0
F0_471 0 23.00 72.50 0
F0_472 0 24.50 44.00 0
F0_473 0 24.50 45.50 0
F0_474 0 24.50 47.00 0
F0_475 0 24.50 48.50 0
F0_476 0 24.50 50.00 0
F0_477 0 24.50 51.50 0
F0_478 0 24.50 53.00 0
F0_479 0 24.50 54.50 0
F0_480 0 24.50 56.00 0
F0_481 0 24.50 57.50 0
F0_482 0 24.50 59.00 0
F0_483 0 24.50 60.50 0
F0_484 0 24.50 62.00 0
F0_485 0 24.50 63.50 0
F0_486 0 24.50 65.00 0
F0_487 0 24.50 66.50 0
F0_488 0 24.50 68.00 0
F0_489 0 24.50 69.50 0
F0_490 0 24.50 71.00 0
F0_491 0 26.00 44.00 0
F0_492 0 26.00 45.50 0
F0_493 0 26.00 47.00 0
F0_494 0 26.00 48.50 0
F0_495 0 26.00 50.00 0
F0_496 0 26.00 51.50 0
F0_497 0 26.00 53.00 0
F0_498 0 26.00 54.50 0
F0_499 0 26.00 56.00 0
F0_500 0 26.00 57.50 0
F0_501 0 26.00 59.00 0
F0_502 0 26.00 60.50 0
F0_503 0 26.00 62.00 0
F0_504 0 26.00 63.50 0
F0_505 0 26.00 65.00 0
F0_506 0 26.00 66.50 0
F0_507 0 26.00 68.00 0
F0_508 0 26.00 69.50 0
F0_509 0 26.00 71.00 0
F0_510 0 27.50 0.50 0
F0_511 0 27.50 2.00 0
F0_512 0 27.50 3.50 0
F0_513 0 27.50 5.00 0
F0_514 0 27.50 6.50 0
F0_515 0 27.50 8.00 0
F0_516 0 27.50 9.50 0
F0_517 0 27.50 11.00 0
F0_518 0 27.50 12.50 0
F0_519 0 27.50 14.00 0
F0_520 0 27.50 15.50 0
F0_521 0 27.50 17.00 0
F0_522 0 27.50 18.50 0
F0_523 0 27.50 20.00 0
F0_524 0 27.50 21.50 0
F0_525 0 27.50 23.00 0
F0_526 0 27.50 24.50 0
F0_527 0 27.50 26.00 0
F0_528 0 27.50 27.50 0
F0_529 0 27.50 29.00 0
F0_530 0 27.50 30.50 0
F0_531 0 27.50 32.00 0
F0_532 0 27.50 33.50 0
F0_533 0 27.50 35.00 0
F0_534 0 27.50 36.50 0
F0_535 0 27.50 38.00 0
F0_536 0 27.50 39.50 0
F0_537 0 27.50 41.00 0
F0_538 0 27.50 42.50 0
F0_539 0 27.50 44.00 0
F0_540 0 27.50 45.50 0
F0_541 0 27.50 47.00 0
F0_542 0 27.50 48.50 0
F0_543 0 27.50 50.00 0
F0_544 0 27.50 51.50 0
F0_545 0 27.50 53.00 0
F0_546 0 27.50 54.50 0
F0_547 0 27.50 56.00 0
F0_548 0 27.50 57.50 0
F0_549 0 27.50 59.00 0
F0_550 0 27.50 60.50 0
F0_551 0 27.50 62.00 0
F0_552 0 27.50 63.50 0
F0_553 0 27.50 65.00 0
F0_554 0 27.50 66.50 0
F0_555 0 27.50 68.00 0
F0_556 0 27.50 69.50 0
F0_557 0 27.50 71.00 0
F0_558 0 27.50 72.50 0
F0_559 0 27.50 74.00 0
F0_560 0 27.50 75.50 0
F0_561 0 27.50 77.00 0
F0_562 0 27.50 78.50 0
F0_563 0 27.50 80.00 0
F0_564 0 27.50 81.50 0
F0_565 0 27.50 83.00 0
F0_566 0 27.50 84.50 0
F0_567 0 27.50 86.00 0
F0_568 0 27.50 87.50 0
F0_569 0 27.50 89.00 0
F0_570 0 27.50 90.50 0
F0_571 0 27.50 92.00 0
F0_572 0 27.50 93.50 0
F0_573 0 27.50 95.00 0
F0_574 0 27.50 96.50 0
F0_575 0 29.00 0.50 0
F0_576 0 29.00 2.00 0
F0_577 0 29.00 3.50 0
F0_578 0 29.00 5.00 0
F0_579 0 29.00 6.50 0
F0_580 0 29.00 8.00 0
F0_581 0 29.00 9.50 0
F0_582 0 29.00 11.00 0
F0_583 0 29.00 12.50 0
F0_584 0 29.00 14.00 0
F0_585 0 29.00 15.50 0
F0_586 0 29.00 17.00 0
F0_587 0 29.00 18.50 0
F0_588 0 29.00 20.00 0
F0_589 0 29.00 21.50 0
F0_590 0 29.00 23.00 0
F0_591 0 29.00 24.50 0
F0_592 0 29.00 26.00 0
F0_593 0 29.00 27.50 0
F0_594 0 29.00 29.00 0
F0_595 0 29.00 30.50 0
F0_596 0 29.00 32.00 0
F0_597 0 29.00 33.50 0
F0_598 0 29.00 35.00 0
F0_599 0 29.00 36.50 0
F0_600 0 29.00 38.00 0
F0_601 0 29.00 39.50 0
F0_602 0 29.00 41.00 0
F0_603 0 29.00 42.50 0
F0_604 0 29.00 44.00 0
F0_605 0 29.00 45.50 0
F0_606 0 29.00 47.00 0
F0_607 0 29.00 48.50 0
F0_608 0 29.00 50.00 0
F0_609 0 29.00 51.50 0
F0_610 0 29.00 53.00 0
F0_611 0 29.00 54.50 0
F0_612 0 29.00 56.00 0
F0_613 0 29.00 57.50 0
F0_614 0 29.00 59.00 0
F0_615 0 29.00 60.50 0
F0_616 0 29.00 62.00 0
F0_617 0 29.00 63.50 0
F0_618 0 29.00 65.00 0
F0_619 0 29.00 66.50 0
F0_620 0 29.00 68.00 0
F0_621 0 29.00 69.50 0
F0_622 0 29.00 71.00 0
F0_623 0 29.00 72.50 0
F0_624 0 29.00 74.00 0
F0_625 0 29.00 75.50 0
F0_626 0 29.00 77.00 0
F0_627 0 29.00 78.50 0
F0_628 0 29.00 80.00 0
F0_629 0 29.00 81.50 0
F0_630 0 29.00 83.00 0
F0_631 0 29.00 84.50 0
F0_632 0 29.00 86.00 0
F0_633 0 29.00 87.50 0
F0_634 0 29.00 89.00 0
F0_635 0 29.00 90.50 0
F0_636 0 29.00 92.00 0
F0_637 0 29.00 93.50 0
F0_638 0 29.00 95.00 0
F0_639 0 29.00 96.50 0
F0_640 0 30.50 0.50 0
F0_641 0 30.50 2.00 0
F0_642 0 30.50 3.50 0
F0_643 0 30.50 5.00 0
F0_644 0 30.50 6.50 0
F0_645 0 30.50 8.00 0
F0_646 0 30.50 9.50 0
F0_647 0 30.50 11.00 0
F0_648 0 30.50 12.50 0
F0_649 0 30.50 14.00 0
F0_650 0 30.50 15.50 0
F0_651 0 30.50 17.00 0
F0_652 0 30.50 18.50 0
F0_653 0 30.50 20.00 0
F0_654 0 30.50 21.50 0
F0_655 0 30.50 23.00 0
F0_656 0 30.50 24.50 0
F0_657 0 30.50 26.00 0
F0_658 0 30.50 27.50 0
F0_659 0 30.50 29.00 0
F0_660 0 30.50 30.50 0
F0_661 0 30.50 32.00 0
F0_662 0 30.50 33.50 0
F0_663 0 30.50 35.00 0
F0_664 0 30.50 36.50 0
F0_665 0 30.50 38.00 0
F0_666 0 30.50 39.50 0
F0_667 0 30.50 41.00 0
F0_668 0 30.50 42.50 0
F0_669 0 30.50 44.00 0
F0_670 0 30.50 45.50 0
F0_671 0 30.50 47.00 0
F0_672 0 30.50 48.50 0
F0_673 0 30.50 50.00 0
F0_674 0 30.50 51.50 0
F0_675 0 30.50 53.00 0
F0_676 0 30.50 54.50 0
F0_677 0 30.50 56.00 0
F0_678 0 30.50 57.50 0
F0_679 0 30.50 59.00 0
F0_680 0 30.50 60.50 0
F0_681 0 30.50 62.00 0
F0_682 0 30.50 63.50 0
F0_683 0 30.50 65.00 0
F0_684 0 30.50 66.50 0
F0_685 0 30.50 68.00 0
F0_686 0 30.50 69.50 0
F0_687 0 30.50 71.00 0
F0_688 0 30.50 72.50 0
F0_689 0 30.50 74.00 0
F0_690 0 30.50 75.50 0
F0_691 0 30.50 77.00 0
F0_692 0 30.50 78.50 0
F0_693 0 30.50 80.00 0
F0_694 0 30.50 81.50 0
F0_695 0 30.50 83.00 0
F0_696 0 30.50 84.50 0
F0_697 0 30.50 86.00 0
F0_698 0 30.50 87.50 0
F0_699 0 30.50 89.00 0
F0_700 0 30.50 90.50 0
F0_701 0 30.50 92.00 0
F0_702 0 30.50 93.50 0
F0_703 0 30.50 95.00 0
F0_704 0 30.50 96.50 0
F0_705 0 32.00 0.50 0
F0_706 0 32.00 2.00 0
F0_707 0 32.00 3.50 0
F0_708 0 32.00 5.00 0
F0_709 0 32.00 6.50 0
F0_710 0 32.00 8.00 0
F0_711 0 32.00 9.50 0
F0_712 0 32.00 11.00 0
F0_713 0 32.00 12.50 0
F0_714 0 32.00 14.00 0
F0_715 0 32.00 15.50 0
F0_716 0 32.00 17.00 0
F0_717 0 32.00 18.50 0
F0_718 0 32.00 20.00 0
F0_719 0 32.00 21.50 0
F0_720 0 32.00 23.00 0
F0_721 0 32.00 24.50 0
F0_722 0 32.00 26.00 0
F0_723 0 32.00 27.50 0
F0_724 0 32.00 29.00 0
F0_725 0 32.00 30.50 0
F0_726 0 32.00 32.00 0
F0_727 0 32.00 33.50 0
F0_728 0 32.00 35.00 0
F0_729 0 32.00 36.50 0
F0_730 0 32.00 38.00 0
F0_731 0 32.00 39.50 0
F0_732 0 32.00 41.00 0
F0_733 0 32.00 42.50 0
F0_734 0 32.00 44.00 0
F0_735 0 32.00 45.50 0
F0_736 0 32.00 47.00 0
F0_737 0 32.00 48.50 0
F0_738 0 32.00 50.00 0
F0_739 0 32.00 51.50 0
F0_740 0 32.00 53.00 0
F0_741 0 32.00 54.50 0
F0_742 0 32.00 56.00 0
F0_743 0 32.00 57.50 0
F0_744 0 32.00 59.00 0
F0_745 0 32.00 60.50 0
F0_746 0 32.00 62.00 0
F0_747 0 32.00 63.50 0
F0_748 0 32.00 65.00 0
F0_749 0 32.00 66.50 0
F0_750 0 32.00 68.00 0
F0_751 0 32.00 69.50 0
F0_752 0 32.00 71.00 0
F0_753 0 32.00 72.50 0
F0_754 0 32.00 74.00 0
F0_755 0 32.00 75.50 0
F0_756 0 32.00 77.00 0
F0_757 0 32.00 78.50 0
F0_758 0 32.00 80.00 0
F0_759 0 32.00 81.50 0
F0_760 0 32.00 83.00 0
F0_761 0 32.00 84.50 0
F0_762 0 32.00 86.00 0
F0_763 0 32.00 87.50 0
F0_764 0 32.00 89.00 0
F0_765 0 32.00 90.50 0
F0_766 0 32.00 92.00 0
F0_767 0 32.00 93.50 0
F0_768 0 32.00 95.00 0
F0_769 0 32.00 96.50 0
F0_770 0 33.50 42.50 0
F0_771 0 33.50 44.00 0
F0_772 0 33.50 45.50 0
F0_773 0 33.50 47.00 0
F0_774 0 33.50 48.50 0
F0_775 0 33.50 50.00 0
F0_776 0 33.50 51.50 0
F0_777 0 33.50 53.00 0
F0_778 0 33.50 54.50 0
F0_779 0 33.50 56.00 0
F0_780 0 33.50 57.50 0
F0_781 0 33.50 59.00 0
F0_782 0 33.50 60.50 0
F0_783 0 33.50 62.00 0
F0_784 0 33.50 63.50 0
F0_785 0 33.50 65.00 0
F0_786 0 35.00 44.00 0
F0_787 0 35.00 45.50 0
F0_788 0 35.00 47.00 0
F0_789 0 35.00 48.50 0
F0_790 0 35.00 50.00 0
F0_791 0 35.00 51.50 0
F0_792 0 35.00 53.00 0
F0_793 0 35.00 54.50 0
F0_794 0 35.00 56.00 0
F0_795 0 35.00 57.50 0
F0_796 0 35.00 59.00 0
F0_797 0 35.00 60.50 0
F0_798 0 35.00 62.00 0
F0_799 0 35.00 63.50 0
F0_800 0 35.00 65.00 0
F0_801 0 36.50 44.00 0
F0_802 0 36.50 45.50 0
F0_803 0 36.50 47.00 0
F0_804 0 36.50 48.50 0
F0_805 0 36.50 50.00 0
F0_806 0 36.50 51.50 0
F0_807 0 36.50 53.00 0
F0_808 0 36.50 54.50 0
F0_809 0 36.50 56.00 0
F0_810 0 36.50 57.50 0
F0_811 0 36.50 59.00 0
F0_812 0 36.50 60.50 0
F0_813 0 36.50 62.00 0
F0_814 0 36.50 63.50 0
F0_815 0 38.00 44.00 0
F0_816 0 38.00 45.50 0
F0_817 0 38.00 47.00 0
F0_818 0 38.00 48.50 0
F0_819 0 38.00 50.00 0
F0_820 0 38.00 51.50 0
F0_821 0 38.00 53.00 0
F0_822 0 38.00 54.50 0
F0_823 0 38.00 56.00 0
F0_824 0 38.00 57.50 0
F0_825 0 38.00 59.00 0
F0_826 0 38.00 60.50 0
F0_827 0 38.00 62.00 0
F0_828 0 38.00 63.50 0
F0_829 0 39.50 44.00 0
F0_830 0 39.50 45.50 0
F0_831 0 39.50 47.00 0
F0_832 0 39.50 48.50 0
F0_833 0 39.50 50.00 0
F0_834 0 39.50 51.50 0
F0_835 0 39.50 53.00 0
F0_836 0 39.50 54.50 0
F0_837 0 39.50 56.00 0
F0_838 0 39.50 57.50 0
F0_839 0 39.50 59.00 0
F0_840 0 39.50 60.50 0
F0_841 0 39.50 62.00 0
F0_842 0 41.00 44.00 0
F0_843 0 41.00 45.50 0
F0_844 0 41.00 47.00 0
F0_845 0 41.00 48.50 0
F0_846 0 41.00 50.00 0
F0_847 0 41.00 51.50 0
F0_848 0 41.00 53.00 0
F0_849 0 41.00 54.50 0
F0_850 0 41.00 56.00 0
F0_851 0 41.00 57.50 0
F0_852 0 41.00 59.00 0
F0_853 0 41.00 60.50 0
F0_854 0 42.50 44.00 0
F0_855 0 42.50 45.50 0
F0_856 0 42.50 47.00 0
F0_857 0 42.50 48.50 0
F0_858 0 42.50 50.00 0
F0_859 0 42.50 51.50 0
F0_860 0 42.50 53.00 0
F0_861 0 42.50 54.50 0
F0_862 0 42.50 56.00 0
F0_863 0 42.50 57.50 0
F0_864 0 42.50 59.00 0
F0_865 0 42.50 60.50 0
F0_866 0 44.00 44.00 0
F0_867 0 44.00 45.50 0
F0_868 0 44.00 47.00 0
F0_869 0 44.00 48.50 0
F0_870 0 44.00 50.00 0
F0_871 0 44.00 51.50 0
F0_872 0 44.00 53.00 0
F0_873 0 44.00 54.50 0
F0_874 0 44.00 56.00 0
F0_875 0 44.00 57.50 0
F0_876 0 44.00 59.00 0
F0_877 0 45.50 44.00 0
F0_878 0 45.50 45.50 0
F0_879 0 45.50 47.00 0
F0_880 0 45.50 48.50 0
F0_881 0 45.50 50.00 0
F0_882 0 45.50 51.50 0
F0_883 0 45.50 53.00 0
F0_884 0 45.50 54.50 0
F0_885 0 45.50 56.00 0
F0_886 0 45.50 57.50 0
F0_887 0 45.50 59.00 0
F0_888 0 47.00 42.50 0
F0_889 0 47.00 44.00 0
F0_890 0 47.00 45.50 0
F0_891 0 47.00 47.00 0
F0_892 0 47.00 48.50 0
F0_893 0 47.00 50.00 0
F0_894 0 47.00 51.50 0
F0_895 0 47.00 53.00 0
F0_896 0 47.00 54.50 0
F0_897 0 47.00 56.00 0
F0_898 0 47.00 57.50 0
F0_899 0 48.50 42.50 0
F0_900 0 48.50 44.00 0
F0_901 0 48.50 45.50 0
F0_902 0 48.50 47.00 0
F0_903 0 48.50 48.50 0
F0_904 0 48.50 50.00 0
F0_905 0 48.50 51.50 0
F0_906 0 48.50 53.00 0
F0_907 0 48.50 54.50 0
F0_908 0 48.50 56.00 0
F0_909 0 48.50 57.50 0
F0_910 0 50.00 41.00 0
F0_911 0 50.00 42.50 0
F0_912 0 50.00 44.00 0
F0_913 0 50.00 45.50 0
F0_914 0 50.00 47.00 0
F0_915 0 50.00 48.50 0
F0_916 0 50.00 50.00 0
F0_917 0 50.00 51.50 0
F0_918 0 50.00 53.00 0
F0_919 0 50.00 54.50 0
F0_920 0 50.00 56.00 0
F0_921 0 50.00 57.50 0
F0_922 0 51.50 41.00 0
F0_923 0 51.50 42.50 0
F0_924 0 51.50 44.00 0
F0_925 0 51.50 45.50 0
F0_926 0 51.50 47.00 0
F0_927 0 51.50 48.50 0
F0_928 0 51.50 50.00 0
F0_929 0 51.50 51.50 0
F0_930 0 51.50 53.00 0
F0_931 0 51.50 54.50 0
F0_932 0 51.50 56.00 0
F0_933 0 51.50 57.50 0
F0_934 0 53.00 39.50 0
F0_935 0 53.00 41.00 0
F0_936 0 53.00 42.50 0
F0_937 0 53.00 44.00 0
F0_938 0 53.00 45.50 0
F0_939 0 53.00 47.00 0
F0_940 0 53.00 48.50 0
F0_941 0 53.00 50.00 0
F0_942 0 53.00 51.50 0
F0_943 0 53.00 53.00 0
F0_944 0 53.00 54.50 0
F0_945 0 53.00 56.00 0
F0_946 0 53.00 57.50 0
F0_947 0 54.50 0.50 0
F0_948 0 54.50 2.00 0
F0_949 0 54.50 3.50 0
F0_950 0 54.50 5.00 0
F0_951 0 54.50 6.50 0
F0_952 0 54.50 8.00 0
F0_953 0 54.50 9.50 0
F0_954 0 54.50 11.00 0
F0_955 0 54.50 12.50 0
F0_956 0 54.50 14.00 0
F0_957 0 54.50 15.50 0
F0_958 0 54.50 17.00 0
F0_959 0 54.50 18.50 0
F0_960 0 54.50 20.00 0
F0_961 0 54.50 21.50 0
F0_962 0 54.50 23.00 0
F0_963 0 54.50 24.50 0
F0_964 0 54.50 26.00 0
F0_965 0 54.50 27.50 0
F0_966 0 54.50 29.00 0
F0_967 0 54.50 30.50 0
F0_968 0 54.50 32.00 0
F0_969 0 54.50 33.50 0
F0_970 0 54.50 35.00 0
F0_971 0 54.50 36.50 0
F0_972 0 54.50 38.00 0
F0_973 0 54.50 39.50 0
F0_974 0 54.50 41.00 0
F0_975 0 54.50 42.50 0
F0_976 0 54.50 44.00 0
F0_977 0 54.50 45.50 0
F0_978 0 54.50 47.00 0
F0_979 0 54.50 48.50 0
F0_980 0 54.50 50.00 0
F0_981 0 54.50 51.50 0
F0_982 0 54.50 53.00 0
F0_983 0 54.50 54.50 0
F0_984 0 54.50 56.00 0
F0_985 0 54.50 57.50 0
F0_986 0 54.50 59.00 0
F0_987 0 54.50 60.50 0
F0_988 0 54.50 62.00 0
F0_989 0 54.50 63.50 0
F0_990 0 54.50 65.00 0
F0_991 0 54.50 66.50 0
F0_992 0 54.50 68.00 0
F0_993 0 54.50 69.50 0
F0_994 0 54.50 71.00 0
F0_995 0 54.50 72.50 0
F0_996 0 54.50 74.00 0
F0_997 0 54.50 75.50 0
F0_998 0 54.50 77.00 0
F0_999 0 54.50 78.50 0
F0_1000 0 54.50 80.00 0
F0_1001 0 54.50 81.50 0
F0_1002 0 54.50 83.00 0
F0_1003 0 54.50 84.50 0
F0_1004 0 54.50 86.00 0
F0_1005 0 54.50 87.50 0
F0_1006 0 54.50 89.00 0
F0_1007 0 54.50 90.50 0
F0_1008 0 54.50 92.00 0
F0_1009 0 54.50 93.50 0
F0_1010 0 54.50 95.00 0
F0_1011 0 54.50 96.50 0
F0_1012 0 56.00 0.50 0
F0_1013 0 56.00 2.00 0
F0_1014 0 56.00 3.50 0
F0_1015 0 56.00 5.00 0
F0_1016 0 56.00 6.50 0
F0_1017 0 56.00 8.00 0
F0_1018 0 56.00 9.50 0
F0_1019 0 56.00 11.00 0
F0_1020 0 56.00 12.50 0
F0_1021 0 56.00 14.00 0
F0_1022 0 56.00 15.50 0
F0_1023 0 56.00 17.00 0
F0_1024 0 56.00 18.50 0
F0_1025 0 56.00 20.00 0
F0_1026 0 56.00 21.50 0
F0_1027 0 56.00 23.00 0
F0_1028 0 56.00 24.50 0
F0_1029 0 56.00 26.00 0
F0_1030 0 56.00 27.50 0
F0_1031 0 56.00 29.00 0
F0_1032 0 56.00 30.50 0
F0_1033 0 56.00 32.00 0
F0_1034 0 56.00 33.50 0
F0_1035 0 56.00 35.00 0
F0_1036 0 56.00 36.50 0
F0_1037 0 56.00 38.00 0
F0_1038 0 56.00 39.50 0
F0_1039 0 56.00 41.00 0
F0_1040 0 56.00 42.50 0
F0_1041 0 56.00 44.00 0
F0_1042 0 56.00 45.50 0
F0_1043 0 56.00 47.00 0
F0_1044 0 56.00 48.50 0
F0_1045 0 56.00 50.00 0
F0_1046 0 56.00 51.50 0
F0_1047 0 56.00 53.00 0
F0_1048 0 56.00 54.50 0
F0_1049 0 56.00 56.00 0
F0_1050 0 56.00 57.50 0
F0_1051 0 56.00 59.00 0
F0_1052 0 56.00 60.50 0
F0_1053 0 56.00 62.00 0
F0_1054 0 56.00 63.50 0
F0_1055 0 56.00 65.00 0
F0_1056 0 56.00 66.50 0
F0_1057 0 56.00 68.00 0
F0_1058 0 56.00 69.50 0
F0_1059 0 56.00 71.00 0
F0_1060 0 56.00 72.50 0
F0_1061 0 56.00 74.00 0
F0_1062 0 56.00 75.50 0
F0_1063 0 56.00 77.00 0
F0_1064 0 56.00 78.50 0
F0_1065 0 56.00 80.00 0
F0_1066 0 56.00 81.50 0
F0_1067 0 56.00 83.00 0
F0_1068 0 56.00 84.50 0
F0_1069 0 56.00 86.00 0
F0_1070 0 56.00 87.50 0
F0_1071 0 56.00 89.00 0
F0_1072 0 56.00 90.50 0
F0_1073 0 56.00 92.00 0
F0_1074 0 56.00 93.50 0
F0_1075 0 56.00 95.00 0
F0_1076 0 56.00 96.50 0
F0_1077 0 57.50 0.50 0
F0_1078 0 57.50 2.00 0
F0_1079 0 57.50 3.50 0
F0_1080 0 57.50 5.00 0
F0_1081 0 57.50 6.50 0
F0_1082 0 57.50 8.00 0
F0_1083 0 57.50 9.50 0
F0_1084 0 57.50 11.00 0
F0_1085 0 57.50 12.50 0
F0_1086 0 57.50 14.00 0
F0_1087 0 57.50 15.50 0
F0_1088 0 57.50 17.00 0
F0_1089 0 57.50 18.50 0
F0_1090 0 57.50 20.00 0
F0_1091 0 57.50 21.50 0
F0_1092 0 57.50 23.00 0
F0_1093 0 57.50 24.50 0
F0_1094 0 57.50 26.00 0
F0_1095 0 57.50 27.50 0
F0_1096 0 57.50 29.00 0
F0_1097 0 57.50 30.50 0
F0_1098 0 57.50 32.00 0
F0_1099 0 57.50 33.50 0
F0_1100 0 57.50 35.00 0
F0_1101 0 57.50 36.50 0
F0_1102 0 57.50 38.00 0
F0_1103 0 57.50 39.50 0
F0_1104 0 57.50 41.00 0
F0_1105 0 57.50 42.50 0
F0_1106 0 57.50 44.00 0
F0_1107 0 57.50 45.50 0
F0_1108 0 57.50 47.00 0
F0_1109 0 57.50 48.50 0
F0_1110 0 57.50 50.00 0
F0_1111 0 57.50 51.50 0
F0_1112 0 57.50 53.00 0
F0_1113 0 57.50 54.50 0
F0_1114 0 57.50 56.00 0
F0_1115 0 57.50 57.50 0
F0_1116 0 57.50 59.00 0
F0_1117 0 57.50 60.50 0
F0_1118 0 57.50 62.00 0
F0_1119 0 57.50 63.50 0
F0_1120 0 57.50 65.00 0
F0_1121 0 57.50 66.50 0
F0_1122 0 57.50 68.00 0
F0_1123 0 57.50 69.50 0
F0_1124 0 57.50 71.00 0
F0_1125 0 57.50 72.50 0
F0_1126 0 57.50 74.00 0
F0_1127 0 57.50 75.50 0
F0_1128 0 57.50 77.00 0
F0_1129 0 57.50 78.50 0
F0_1130 0 57.50 80.00 0
F0_1131 0 57.50 81.50 0
F0_1132 0 57.50 83.00 0
F0_1133 0 57.50 84.50 0
F0_1134 0 57.50 86.00 0
F0_1135 0 57.50 87.50 0
F0_1136 0 57.50 89.00 0
F0_1137 0 57.50 90.50 0
F0_1138 0 57.50 92.00 0
F0_1139 0 57.50 93.50 0
F0_1140 0 57.50 95.00 0
F0_1141 0 57.50 96.50 0
F0_1142 0 59.00 0.50 0
F0_1143 0 59.00 2.00 0
F0_1144 0 59.00 3.50 0
F0_1145 0 59.00 5.00 0
F0_1146 0 59.00 6.50 0
F0_1147 0 59.00 8.00 0
F0_1148 0 59.00 9.50 0
F0_1149 0 59.00 11.00 0
F0_1150 0 59.00 12.50 0
F0_1151 0 59.00 14.00 0
F0_1152 0 59.00 15.50 0
F0_1153 0 59.00 17.00 0
F0_1154 0 59.00 18.50 0
F0_1155 0 59.00 20.00 0
F0_1156 0 59.00 21.50 0
F0_1157 0 59.00 23.00 0
F0_1158 0 59.00 24.50 0
F0_1159 0 59.00 26.00 0
F0_1160 0 59.00 27.50 0
F0_1161 0 59.00 29.00 0
F0_1162 0 59.00 30.50 0
F0_1163 0 59.00 32.00 0
F0_1164 0 59.00 33.50 0
F0_1165 0 59.00 35.00 0
F0_1166 0 59.00 36.50 0
F0_1167 0 59.00 38.00 0
F0_1168 0 59.00 39.50 0
F0_1169 0 59.00 41.00 0
F0_1170 0 59.00 42.50 0
F0_1171 0 59.00 44.00 0
F0_1172 0 59.00 45.50 0
F0_1173 0 59.00 47.00 0
F0_1174 0 59.00 48.50 0
F0_1175 0 59.00 50.00 0
F0_1176 0 59.00 51.50 0
F0_1177 0 59.00 53.00 0
F0_1178 0 59.00 54.50 0
F0_1179 0 59.00 56.00 0
F0_1180 0 59.00 57.50 0
F0_1181 0 59.00 59.00 0
F0_1182 0 59.00 60.50 0
F0_1183 0 59.00 62.00 0
F0_1184 0 59.00 63.50 0
F0_1185 0 59.00 65.00 0
F0_1186 0 59.00 66.50 0
F0_1187 0 59.00 68.00 0
F0_1188 0 59.00 69.50 0
F0_1189 0 59.00 71.00 0
F0_1190 0 59.00 72.50 0
F0_1191 0 59.00 74.00 0
F0_1192 0 59.00 75.50 0
F0_1193 0 59.00 77.00 0
F0_1194 0 59.00 78.50 0
F0_1195 0 59.00 80.00 0
F0_1196 0 59.00 81.50 0
F0_1197 0 59.00 83.00 0
F0_1198 0 59.00 84.50 0
F0_1199 0 59.00 86.00 0
F0_1200 0 59.00 87.50 0
F0_1201 0 59.00 89.00 0
F0_1202 0 59.00 90.50 0
F0_1203 0 59.00 92.00 0
F0_1204 0 59.00 93.50 0
F0_1205 0 59.00 95.00 0
F0_1206 0 59.00 96.50 0
F0_1207 0 60.50 0.50 0
F0_1208 0 60.50 2.00 0
F0_1209 0 60.50 3.50 0
F0_1210 0 60.50 5.00 0
F0_1211 0 60.50 6.50 0
F0_1212 0 60.50 8.00 0
F0_1213 0 60.50 9.50 0
F0_1214 0 60.50 11.00 0
F0_1215 0 60.50 12.50 0
F0_1216 0 60.50 14.00 0
F0_1217 0 60.50 15.50 0
F0_1218 0 60.50 17.00 0
F0_1219 0 60.50 18.50 0
F0_1220 0 60.50 20.00 0
F0_1221 0 60.50 21.50 0
F0_1222 0 60.50 23.00 0
F0_1223 0 60.50 24.50 0
F0_1224 0 60.50 26.00 0
F0_1225 0 60.50 27.50 0
F0_1226 0 60.50 29.00 0
F0_1227 0 60.50 30.50 0
F0_1228 0 60.50 32.00 0
F0_1229 0 60.50 33.50 0
F0_1230 0 60.50 35.00 0
F0_1231 0 60.50 36.50 0
F0_1232 0 60.50 38.00 0
F0_1233 0 60.50 39.50 0
F0_1234 0 60.50 41.00 0
F0_1235 0 60.50 42.50 0
F0_1236 0 60.50 44.00 0
F0_1237 0 60.50 45.50 0
F0_1238 0 60.50 47.00 0
F0_1239 0 60.50 48.50 0
F0_1240 0 60.50 50.00 0
F0_1241 0 60.50 51.50 0
F0_1242 0 60.50 53.00 0
F0_1243 0 60.50 54.50 0
F0_1244 0 60.50 56.00 0
F0_1245 0 60.50 57.50 0
F0_1246 0 60.50 59.00 0
F0_1247 0 60.50 60.50 0
F0_1248 0 60.50 62.00 0
F0_1249 0 60.50 63.50 0
F0_1250 0 60.50 65.00 0
F0_1251 0 60.50 66.50 0
F0_1252 0 60.50 68.00 0
F0_1253 0 60.50 69.50 0
F0_1254 0 60.50 71.00 0
F0_1255 0 60.50 72.50 0
F0_1256 0 60.50 74.00 0
F0_1257 0 60.50 75.50 0
F0_1258 0 60.50 77.00 0
F0_1259 0 60.50 78.50 0
F0_1260 0 60.50 80.00 0
F0_1261 0 60.50 81.50 0
F0_1262 0 60.50 83.00 0
F0_1263 0 60.50 84.50 0
F0_1264 0 60.50 86.00 0
F0_1265 0 60.50 87.50 0
F0_1266 0 60.50 89.00 0
F0_1267 0 60.50 90.50 0
F0_1268 0 60.50 92.00 0
F0_1269 0 60.50 93.50 0
F0_1270 0 60.50 95.00 0
F0_1271 0 60.50 96.50 0
F0_1272 0 62.00 0.50 0
F0_1273 0 62.00 2.00 0
F0_1274 0 62.00 3.50 0
F0_1275 0 62.00 5.00 0
F0_1276 0 62.00 6.50 0
F0_1277 0 62.00 8.00 0
F0_1278 0 62.00 9.50 0
F0_1279 0 62.00 11.00 0
F0_1280 0 62.00 12.50 0
F0_1281 0 62.00 14.00 0
F0_1282 0 62.00 15.50 0
F0_1283 0 62.00 17.00 0
F0_1284 0 62.00 18.50 0
F0_1285 0 62.00 20.00 0
F0_1286 0 62.00 21.50 0
F0_1287 0 62.00 23.00 0
F0_1288 0 62.00 24.50 0
F0_1289 0 62.00 26.00 0
F0_1290 0 62.00 27.50 0
F0_1291 0 62.00 29.00 0
F0_1292 0 62.00 30.50 0
F0_1293 0 62.00 32.00 0
F0_1294 0 62.00 33.50 0
F0_1295 0 62.00 35.00 0
F0_1296 0 62.00 36.50 0
F0_1297 0 62.00 38.00 0
F0_1298 0 62.00 39.50 0
F0_1299 0 62.00 41.00 0
F0_1300 0 62.00 42.50 0
F0_1301 0 62.00 44.00 0
F0_1302 0 62.00 45.50 0
F0_1303 0 62.00 47.00 0
F0_1304 0 62.00 48.50 0
F0_1305 0 62.00 50.00 0
F0_1306 0 62.00 51.50 0
F0_1307 0 62.00 53.00 0
F0_1308 0 62.00 54.50 0
F0_1309 0 62.00 56.00 0
F0_1310 0 62.00 57.50 0
F0_1311 0 62.00 59.00 0
F0_1312 0 62.00 60.50 0
F0_1313 0 62.00 62.00 0
F0_1314 0 62.00 63.50 0
F0_1315 0 62.00 65.00 0
F0_1316 0 62.00 66.50 0
F0_1317 0 62.00 68.00 0
F0_1318 0 62.00 69.50 0
F0_1319 0 62.00 71.00 0
F0_1320 0 62.00 72.50 0
F0_1321 0 62.00 74.00 0
F0_1322 0 62.00 75.50 0
F0_1323 0 62.00 77.00 0
F0_1324 0 62.00 78.50 0
F0_1325 0 62.00 80.00 0
F0_1326 0 62.00 81.50 0
F0_1327 0 62.00 83.00 0
F0_1328 0 62.00 84.50 0
F0_1329 0 62.00 86.00 0
F0_1330 0 62.00 87.50 0
F0_1331 0 62.00 89.00 0
F0_1332 0 62.00 90.50 0
F0_1333 0 62.00 92.00 0
F0_1334 0 62.00 93.50 0
F0_1335 0 62.00 95.00 0
F0_1336 0 62.00 96.50 0
F0_1337 0 63.50 0.50 0
F0_1338 0 63.50 2.00 0
F0_1339 0 63.50 3.50 0
F0_1340 0 63.50 5.00 0
F0_1341 0 63.50 6.50 0
F0_1342 0 63.50 8.00 0
F0_1343 0 63.50 9.50 0
F0_1344 0 63.50 11.00 0
F0_1345 0 63.50 12.50 0
F0_1346 0 63.50 14.00 0
F0_1347 0 63.50 15.50 0
F0_1348 0 63.50 17.00 0
F0_1349 0 63.50 18.50 0
F0_1350 0 63.50 20.00 0
F0_1351 0 63.50 21.50 0
F0_1352 0 63.50 23.00 0
F0_1353 0 63.50 24.50 0
F0_1354 0 63.50 26.00 0
F0_1355 0 63.50 27.50 0
F0_1356 0 63.50 29.00 0
F0_1357 0 63.50 30.50 0
F0_1358 0 63.50 32.00 0
F0_1359 0 63.50 33.50 0
F0_1360 0 63.50 35.00 0
F0_1361 0 63.50 36.50 0
F0_1362 0 63.50 38.00 0
F0_1363 0 63.50 39.50 0
F0_1364 0 63.50 41.00 0
F0_1365 0 63.50 42.50 0
F0_1366 0 63.50 44.00 0
F0_1367 0 63.50 45.50 0
F0_1368 0 63.50 47.00 0
F0_1369 0 63.50 48.50 0
F0_1370 0 63.50 50.00 0
F0_1371 0 63.50 51.50 0
F0_1372 0 63.50 53.00 0
F0_1373 0 63.50 54.50 0
F0_1374 0 63.50 56.00 0
F0_1375 0 63.50 57.50 0
F0_1376 0 63.50 59.00 0
F0_1377 0 63.50 60.50 0
F0_1378 0 63.50 62.00 0
F0_1379 0 63.50 63.50 0
F0_1380 0 63.50 65.00 0
F0_1381 0 63.50 66.50 0
F0_1382 0 63.50 68.00 0
F0_1383 0 63.50 69.50 0
F0_1384 0 63.50 71.00 0
F0_1385 0 63.50 72.50 0
F0_1386 0 63.50 74.00 0
F0_1387 0 63.50 75.50 0
F0_1388 0 63.50 77.00 0
F0_1389 0 63.50 78.50 0
F0_1390 0 63.50 80.00 0
F0_1391 0 63.50 81.50 0
F0_1392 0 63.50 83.00 0
F0_1393 0 63.50 84.50 0
F0_1394 0 63.50 86.00 0
F0_1395 0 63.50 87.50 0
F0_1396 0 63.50 89.00 0
F0_1397 0 63.50 90.50 0
F0_1398 0 63.50 92.00 0
F0_1399 0 63.50 93.50 0
F0_1400 0 63.50 95.00 0
F0_1401 0 63.50 96.50 0
F0_1402 0 65.00 32.00 0
F0_1403 0 65.00 33.50 0
F0_1404 0 65.00 35.00 0
F0_1405 0 65.00 36.50 0
F0_1406 0 65.00 38.00 0
F0_1407 0 65.00 39.50 0
F0_1408 0 65.00 41.00 0
F0_1409 0 65.00 42.50 0
F0_1410 0 65.00 44.00 0
F0_1411 0 65.00 45.50 0
F0_1412 0 65.00 47.00 0
F0_1413 0 65.00 48.50 0
F0_1414 0 65.00 50.00 0
F0_1415 0 65.00 51.50 0
F0_1416 0 65.00 53.00 0
F0_1417 0 65.00 54.50 0
F0_1418 0 65.00 56.00 0
F0_1419 0 65.00 57.50 0
F0_1420 0 66.50 32.00 0
F0_1421 0 66.50 33.50 0
F0_1422 0 66.50 35.00 0
F0_1423 0 66.50 36.50 0
F0_1424 0 66.50 38.00 0
F0_1425 0 66.50 39.50 0
F0_1426 0 66.50 41.00 0
F0_1427 0 66.50 42.50 0
F0_1428 0 66.50 44.00 0
F0_1429 0 66.50 45.50 0
F0_1430 0 66.50 47.00 0
F0_1431 0 66.50 48.50 0
F0_1432 0 66.50 50.00 0
F0_1433 0 66.50 51.50 0
F0_1434 0 66.50 53.00 0
F0_1435 0 66.50 54.50 0
F0_1436 0 66.50 56.00 0
F0_1437 0 66.50 57.50 0
F0_1438 0 68.00 30.50 0
F0_1439 0 68.00 32.00 0
F0_1440 0 68.00 33.50 0
F0_1441 0 68.00 35.00 0
F0_1442 0 68.00 36.50 0
F0_1443 0 68.00 38.00 0
F0_1444 0 68.00 39.50 0
F0_1445 0 68.00 41.00 0
F0_1446 0 68.00 42.50 0
F0_1447 0 68.00 44.00 0
F0_1448 0 68.00 45.50 0
F0_1449 0 68.00 47.00 0
F0_1450 0 68.00 48.50 0
F0_1451 0 68.00 50.00 0
F0_1452 0 68.00 51.50 0
F0_1453 0 68.00 53.00 0
F0_1454 0 68.00 54.50 0
F0_1455 0 68.00 56.00 0
F0_1456 0 68.00 57.50 0
F0_1457 0 69.50 29.00 0
F0_1458 0 69.50 30.50 0
F0_1459 0 69.50 32.00 0
F0_1460 0 69.50 33.50 0
F0_1461 0 69.50 35.00 0
F0_1462 0 69.50 36.50 0
F0_1463 0 69.50 38.00 0
F0_1464 0 69.50 39.50 0
F0_1465 0 69.50 41.00 0
F0_1466 0 69.50 42.50 0
F0_1467 0 69.50 44.00 0
F0_1468 0 69.50 45.50 0
F0_1469 0 69.50 47.00 0
F0_1470 0 69.50 48.50 0
F0_1471 0 69.50 50.00 0
F0_1472 0 69.50 51.50 0
F0_1473 0 69.50 53.00 0
F0_1474 0 69.50 54.50 0
F0_1475 0 69.50 56.00 0
F0_1476 0 69.50 57.50 0
F0_1477 0 71.00 29.00 0
F0_1478 0 71.00 30.50 0
F0_1479 0 71.00 32.00 0
F0_1480 0 71.00 33.50 0
F0_1481 0 71.00 35.00 0
F0_1482 0 71.00 36.50 0
F0_1483 0 71.00 38.00 0
F0_1484 0 71.00 39.50 0
F0_1485 0 71.00 41.00 0
F0_1486 0 71.00 42.50 0
F0_1487 0 71.00 44.00 0
F0_1488 0 71.00 45.50 0
F0_1489 0 71.00 47.00 0
F0_1490 0 71.00 48.50 0
F0_1491 0 71.00 50.00 0
F0_1492 0 71.00 51.50 0
F0_1493 0 71.00 53.00 0
F0_1494 0 71.00 54.50 0
F0_1495 0 71.00 56.00 0
F0_1496 0 71.00 57.50 0
F0_1497 0 72.50 27.50 0
F0_1498 0 72.50 29.00 0
F0_1499 0 72.50 30.50 0
F0_1500 0 72.50 32.00 0
F0_1501 0 72.50 33.50 0
F0_1502 0 72.50 35.00 0
F0_1503 0 72.50 36.50 0
F0_1504 0 72.50 38.00 0
F0_1505 0 72.50 39.50 0
F0_1506 0 72.50 41.00 0
F0_1507 0 72.50 42.50 0
F0_1508 0 72.50 44.00 0
F0_1509 0 72.50 45.50 0
F0_1510 0 72.50 47.00 0
F0_1511 0 72.50 48.50 0
F0_1512 0 72.50 50.00 0
F0_1513 0 72.50 51.50 0
F0_1514 0 72.50 53.00 0
F0_1515 0 72.50 54.50 0
F0_1516 0 72.50 56.00 0
F0_1517 0 72.50 57.50 0
F0_1518 0 74.00 27.50 0
F0_1519 0 74.00 29.00 0
F0_1520 0 74.00 30.50 0
F0_1521 0 74.00 32.00 0
F0_1522 0 74.00 33.50 0
F0_1523 0 74.00 35.00 0
F0_1524 0 74.00 36.50 0
F0_1525 0 74.00 38.00 0
F0_1526 0 74.00 39.50 0
F0_1527 0 74.00 41.00 0
F0_1528 0 74.00 42.50 0
F0_1529 0 74.00 44.00 0
F0_1530 0 74.00 45.50 0
F0_1531 0 74.00 47.00 0
F0_1532 0 74.00 48.50 0
F0_1533 0 74.00 50.00 0
F0_1534 0 74.00 51.50 0
F0_1535 0 74.00 53.00 0
F0_1536 0 74.00 54.50 0
F0_1537 0 74.00 56.00 0
F0_1538 0 74.00 57.50 0
F0_1539 0 75.50 26.00 0
F0_1540 0 75.50 27.50 0
F0_1541 0 75.50 29.00 0
F0_1542 0 75.50 30.50 0
F0_1543 0 75.50 32.00 0
F0_1544 0 75.50 33.50 0
F0_1545 0 75.50 35.00 0
F0_1546 0 75.50 36.50 0
F0_1547 0 75.50 38.00 0
F0_1548 0 75.50 39.50 0
F0_1549 0 75.50 41.00 0
F0_1550 0 75.50 42.50 0
F0_1551 0 75.50 44.00 0
F0_1552 0 75.50 45.50 0
F0_1553 0 75.50 47.00 0
F0_1554 0 75.50 48.50 0
F0_1555 0 75.50 50.00 0
F0_1556 0 75.50 51.50 0
F0_1557 0 75.50 53.00 0
F0_1558 0 75.50 54.50 0
F0_1559 0 75.50 56.00 0
F0_1560 0 75.50 57.50 0
F0_1561 0 77.00 26.00 0
F0_1562 0 77.00 27.50 0
F0_1563 0 77.00 29.00 0
F0_1564 0 77.00 30.50 0
F0_1565 0 77.00 32.00 0
F0_1566 0 77.00 33.50 0
F0_1567 0 77.00 35.00 0
F0_1568 0 77.00 36.50 0
F0_1569 0 77.00 38.00 0
F0_1570 0 77.00 39.50 0
F0_1571 0 77.00 41.00 0
F0_1572 0 77.00 42.50 0
F0_1573 0 77.00 44.00 0
F0_1574 0 77.00 45.50 0
F0_1575 0 77.00 47.00 0
F0_1576 0 77.00 48.50 0
F0_1577 0 77.00 50.00 0
F0_1578 0 77.00 51.50 0
F0_1579 0 77.00 53.00 0
F0_1580 0 77.00 54.50 0
F0_1581 0 77.00 56.00 0
F0_1582 0 77.00 57.50 0
F0_1583 0 78.50 24.50 0
F0_1584 0 78.50 26.00 0
F0_1585 0 78.50 27.50 0
F0_1586 0 78.50 29.00 0
F0_1587 0 78.50 30.50 0
F0_1588 0 78.50 32.00 0
F0_1589 0 78.50 33.50 0
F0_1590 0 78.50 35.00 0
F0_1591 0 78.50 36.50 0
F0_1592 0 78.50 38.00 0
F0_1593 0 78.50 39.50 0
F0_1594 0 78.50 41.00 0
F0_1595 0 78.50 42.50 0
F0_1596 0 78.50 44.00 0
F0_1597 0 78.50 45.50 0
F0_1598 0 78.50 47.00 0
F0_1599 0 78.50 48.50 0
F0_1600 0 78.50 50.00 0
F0_1601 0 78.50 51.50 0
F0_1602 0 78.50 53.00 0
F0_1603 0 78.50 54.50 0
F0_1604 0 78.50 56.00 0
F0_1605 0 78.50 57.50 0
F0_1606 0 80.00 23.00 0
F0_1607 0 80.00 24.50 0
F0_1608 0 80.00 26.00 0
F0_1609 0 80.00 27.50 0
F0_1610 0 80.00 29.00 0
F0_1611 0 80.00 30.50 0
F0_1612 0 80.00 32.00 0
F0_1613 0 80.00 33.50 0
F0_1614 0 80.00 35.00 0
F0_1615 0 80.00 36.50 0
F0_1616 0 80.00 38.00 0
F0_1617 0 80.00 39.50 0
F0_1618 0 80.00 41.00 0
F0_1619 0 80.00 42.50 0
F0_1620 0 80.00 44.00 0
F0_1621 0 80.00 45.50 0
F0_1622 0 80.00 47.00 0
F0_1623 0 80.00 48.50 0
F0_1624 0 80.00 50.00 0
F0_1625 0 80.00 51.50 0
F0_1626 0 80.00 53.00 0
F0_1627 0 80.00 54.50 0
F0_1628 0 80.00 56.00 0
F0_1629 0 80.00 57.50 0
F0_1630 0 81.50 23.00 0
F0_1631 0 81.50 24.50 0
F0_1632 0 81.50 26.00 0
F0_1633 0 81.50 27.50 0
F0_1634 0 81.50 29.00 0
F0_1635 0 81.50 30.50 0
F0_1636 0 81.50 32.00 0
F0_1637 0 81.50 33.50 0
F0_1638 0 81.50 35.00 0
F0_1639 0 81.50 36.50 0
F0_1640 0 81.50 38.00 0
F0_1641 0 81.50 39.50 0
F0_1642 0 81.50 41.00 0
F0_1643 0 81.50 42.50 0
F0_1644 0 81.50 44.00 0
F0_1645 0 81.50 45.50 0
F0_1646 0 81.50 47.00 0
F0_1647 0 81.50 48.50 0
F0_1648 0 81.50 50.00 0
F0_1649 0 81.50 51.50 0
F0_1650 0 81.50 53.00 0
F0_1651 0 81.50 54.50 0
F0_1652 0 81.50 56.00 0
F0_1653 0 81.50 57.50 0
F0_1654 0 83.00 21.50 0
F0_1655 0 83.00 23.00 0
F0_1656 0 83.00 24.50 0
F0_1657 0 83.00 26.00 0
F0_1658 0 83.00 27.50 0
F0_1659 0 83.00 29.00 0
F0_1660 0 83.00 30.50 0
F0_1661 0 83.00 32.00 0
F0_1662 0 83.00 33.50 0
F0_1663 0 83.00 35.00 0
F0_1664 0 83.00 36.50 0
F0_1665 0 83.00 38.00 0
F0_1666 0 83.00 39.50 0
F0_1667 0 83.00 41.00 0
F0_1668 0 83.00 42.50 0
F0_1669 0 83.00 44.00 0
F0_1670 0 83.00 45.50 0
F0_1671 0 83.00 47.00 0
F0_1672 0 83.00 48.50 0
F0_1673 0 83.00 50.00 0
F0_1674 0 83.00 51.50 0
F0_1675 0 83.00 53.00 0
F0_1676 0 83.00 54.50 0
F0_1677 0 83.00 56.00 0
F0_1678 0 83.00 57.50 0
F0_1679 0 84.50 21.50 0
F0_1680 0 84.50 23.00 0
F0_1681 0 84.50 24.50 0
F0_1682 0 84.50 26.00 0
F0_1683 0 84.50 27.50 0
F0_1684 0 84.50 29.00 0
F0_1685 0 84.50 30.50 0
F0_1686 0 84.50 32.00 0
F0_1687 0 84.50 33.50 0
F0_1688 0 84.50 35.00 0
F0_1689 0 84.50 36.50 0
F0_1690 0 84.50 38.00 0
F0_1691 0 84.50 39.50 0
F0_1692 0 84.50 41.00 0
F0_1693 0 84.50 42.50 0
F0_1694 0 84.50 44.00 0
F0_1695 0 84.50 45.50 0
F0_1696 0 84.50 47.00 0
F0_1697 0 84.50 48.50 0
F0_1698 0 84.50 50.00 0
F0_1699 0 84.50 51.50 0
F0_1700 0 84.50 53.00 0
F0_1701 0 84.50 54.50 0
F0_1702 0 84.50 56.00 0
F0_1703 0 84.50 57.50 0
F0_1704 0 86.00 0.50 0
F0_1705 0 86.00 2.00 0
F0_1706 0 86.00 3.50 0
F0_1707 0 86.00 5.00 0
F0_1708 0 86.00 6.50 0
F0_1709 0 86.00 8.00 0
F0_1710 0 86.00 9.50 0
F0_1711 0 86.00 11.00 0
F0_1712 0 86.00 12.50 0
F0_1713 0 86.00 14.00 0
F0_1714 0 86.00 15.50 0
F0_1715 0 86.00 17.00 0
F0_1716 0 86.00 18.50 0
F0_1717 0 86.00 20.00 0
F0_1718 0 86.00 21.50 0
F0_1719 0 86.00 23.00 0
F0_1720 0 86.00 24.50 0
F0_1721 0 86.00 26.00 0
F0_1722 0 86.00 27.50 0
F0_1723 0 86.00 29.00 0
F0_1724 0 86.00 30.50 0
F0_1725 0 86.00 32.00 0
F0_1726 0 86.00 33.50 0
F0_1727 0 86.00 35.00 0
F0_1728 0 86.00 36.50 0
F0_1729 0 86.00 38.00 0
F0_1730 0 86.00 39.50 0
F0_1731 0 86.00 41.00 0
F0_1732 0 86.00 42.50 0
F0_1733 0 86.00 44.00 0
F0_1734 0 86.00 45.50 0
F0_1735 0 86.00 47.00 0
F0_1736 0 86.00 48.50 0
F0_1737 0 86.00 50.00 0
F0_1738 0 86.00 51.50 0
F0_1739 0 86.00 53.00 0
F0_1740 0 86.00 54.50 0
F0_1741 0 86.00 56.00 0
F0_1742 0 86.00 57.50 0
F0_1743 0 86.00 59.00 0
F0_1744 0 86.00 60.50 0
F0_1745 0 86.00 62.00 0
F0_1746 0 86.00 63.50 0
F0_1747 0 86.00 65.00 0
F0_1748 0 86.00 66.50 0
F0_1749 0 86.00 68.00 0
F0_1750 0 86.00 69.50 0
F0_1751 0 86.00 71.00 0
F0_1752 0 86.00 72.50 0
F0_1753 0 86.00 74.00 0
F0_1754 0 86.00 75.50 0
F0_1755 0 86.00 77.00 0
F0_1756 0 86.00 78.50 0
F0_1757 0 86.00 80.00 0
F0_1758 0 86.00 81.50 0
F0_1759 0 86.00 83.00 0
F0_1760 0 86.00 84.50 0
F0_1761 0 86.00 86.00 0
F0_1762 0 86.00 87.50 0
F0_1763 0 86.00 89.00 0
F0_1764 0 86.00 90.50 0
F0_1765 0 86.00 92.00 0
F0_1766 0 86.00 93.50 0
F0_1767 0 86.00 95.00 0
F0_1768 0 86.00 96.50 0
F0_1769 0 87.50 0.50 0
F0_1770 0 87.50 2.00 0
F0_1771 0 87.50 3.50 0
F0_1772 0 87.50 5.00 0
F0_1773 0 87.50 6.50 0
F0_1774 0 87.50 8.00 0
F0_1775 0 87.50 9.50 0
F0_1776 0 87.50 11.00 0
F0_1777 0 87.50 12.50 0
F0_1778 0 87.50 14.00 0
F0_1779 0 87.50 15.50 0
F0_1780 0 87.50 17.00 0
F0_1781 0 87.50 18.50 0
F0_1782 0 87.50 20.00 0
F0_1783 0 87.50 21.50 0
F0_1784 0 87.50 23.00 0
F0_1785 0 87.50 24.50 0
F0_1786 0 87.50 26.00 0
F0_1787 0 87.50 27.50 0
F0_1788 0 87.50 29.00 0
F0_1789 0 87.50 30.50 0
F0_1790 0 87.50 32.00 0
F0_1791 0 87.50 33.50 0
F0_1792 0 87.50 35.00 0
F0_1793 0 87.50 36.50 0
F0_1794 0 87.50 38.00 0
F0_1795 0 87.50 39.50 0
F0_1796 0 87.50 41.00 0
F0_1797 0 87.50 42.50 0
F0_1798 0 87.50 44.00 0
F0_1799 0 87.50 45.50 0
F0_1800 0 87.50 47.00 0
F0_1801 0 87.50 48.50 0
F0_1802 0 87.50 50.00 0
F0_1803 0 87.50 51.50 0
F0_1804 0 87.50 53.00 0
F0_1805 0 87.50 54.50 0
F0_1806 0 87.50 56.00 0
F0_1807 0 87.50 57.50 0
F0_1808 0 87.50 59.00 0
F0_1809 0 87.50 60.50 0
F0_1810 0 87.50 62.00 0
F0_1811 0 87.50 63.50 0
F0_1812 0 87.50 65.00 0
F0_1813 0 87.50 66.50 0
F0_1814 0 87.50 68.00 0
F0_1815 0 87.50 69.50 0
F0_1816 0 87.50 71.00 0
F0_1817 0 87.50 72.50 0
F0_1818 0 87.50 74.00 0
F0_1819 0 87.50 75.50 0
F0_1820 0 87.50 77.00 0
F0_1821 0 87.50 78.50 0
F0_1822 0 87.50 80.00 0
F0_1823 0 87.50 81.50 0
F0_1824 0 87.50 83.00 0
F0_1825 0 87.50 84.50 0
F0_1826 0 87.50 86.00 0
F0_1827 0 87.50 87.50 0
F0_1828 0 87.50 89.00 0
F0_1829 0 87.50 90.50 0
F0_1830 0 87.50 92.00 0
F0_1831 0 87.50 93.50 0
F0_1832 0 87.50 95.00 0
F0_1833 0 87.50 96.50 0
F0_1834 0 89.00 0.50 0
F0_1835 0 89.00 2.00 0
F0_1836 0 89.00 3.50 0
F0_1837 0 89.00 5.00 0
F0_1838 0 89.00 6.50 0
F0_1839 0 89.00 8.00 0
F0_1840 0 89.00 9.50 0
F0_1841 0 89.00 11.00 0
F0_1842 0 89.00 12.50 0
F0_1843 0 89.00 14.00 0
F0_1844 0 89.00 15.50 0
F0_1845 0 89.00 17.00 0
F0_1846 0 89.00 18.50 0
F0_1847 0 89.00 20.00 0
F0_1848 0 89.00 21.50 0
F0_1849 0 89.00 23.00 0
F0_1850 0 89.00 24.50 0
F0_1851 0 89.00 26.00 0
F0_1852 0 89.00 27.50 0
F0_1853 0 89.00 29.00 0
F0_1854 0 89.00 30.50 0
F0_1855 0 89.00 32.00 0
F0_1856 0 89.00 33.50 0
F0_1857 0 89.00 35.00 0
F0_1858 0 89.00 36.50 0
F0_1859 0 89.00 38.00 0
F0_1860 0 89.00 39.50 0
F0_1861 0 89.00 41.00 0
F0_1862 0 89.00 42.50 0
F0_1863 0 89.00 44.00 0
F0_1864 0 89.00 45.50 0
F0_1865 0 89.00 47.00 0
F0_1866 0 89.00 48.50 0
F0_1867 0 89.00 50.00 0
F0_1868 0 89.00 51.50 0
F0_1869 0 89.00 53.00 0
F0_1870 0 89.00 54.50 0
F0_1871 0 89.00 56.00 0
F0_1872 0 89.00 57.50 0
F0_1873 0 89.00 59.00 0
F0_1874 0 89.00 60.50 0
F0_1875 0 89.00 62.00 0
F0_1876 0 89.00 63.50 0
F0_1877 0 89.00 65.00 0
F0_1878 0 89.00 66.50 0
F0_1879 0 89.00 68.00 0
F0_1880 0 89.00 69.50 0
F0_1881 0 89.00 71.00 0
F0_1882 0 89.00 72.50 0
F0_1883 0 89.00 74.00 0
F0_1884 0 89.00 75.50 0
F0_1885 0 89.00 77.00 0
F0_1886 0 89.00 78.50 0
F0_1887 0 89.00 80.00 0
F0_1888 0 89.00 81.50 0
F0_1889 0 89.00 83.00 0
F0_1890 0 89.00 84.50 0
F0_1891 0 89.00 86.00 0
F0_1892 0 89.00 87.50 0
F0_1893 0 89.00 89.00 0
F0_1894 0 89.00 90.50 0
F0_1895 0 89.00 92.00 0
F0_1896 0 89.00 93.50 0
F0_1897 0 89.00 95.00 0
F0_1898 0 89.00 96.50 0
F0_1899 0 90.50 0.50 0
F0_1900 0 90.50 2.00 0
F0_1901 0 90.50 3.50 0
F0_1902 0 90.50 5.00 0
F0_1903 0 90.50 6.50 0
F0_1904 0 90.50 8.00 0
F0_1905 0 90.50 9.50 0
F0_1906 0 90.50 11.00 0
F0_1907 0 90.50 12.50 0
F0_1908 0 90.50 14.00 0
F0_1909 0 90.50 15.50 0
F0_1910 0 90.50 17.00 0
F0_1911 0 90.50 18.50 0
F0_1912 0 90.50 20.00 0
F0_1913 0 90.50 21.50 0
F0_1914 0 90.50 23.00 0
F0_1915 0 90.50 24.50 0
F0_1916 0 90.50 26.00 0
F0_1917 0 90.50 27.50 0
F0_1918 0 90.50 29.00 0
F0_1919 0 90.50 30.50 0
F0_1920 0 90.50 32.00 0
F0_1921 0 90.50 33.50 0
F0_1922 0 90.50 35.00 0
F0_1923 0 90.50 36.50 0
F0_1924 0 90.50 38.00 0
F0_1925 0 90.50 39.50 0
F0_1926 0 90.50 41.00 0
F0_1927 0 90.50 42.50 0
F0_1928 0 90.50 44.00 0
F0_1929 0 90.50 45.50 0
F0_1930 0 90.50 47.00 0
F0_1931 0 90.50 48.50 0
F0_1932 0 90.50 50.00 0
F0_1933 0 90.50 51.50 0
F0_1934 0 90.50 53.00 0
F0_1935 0 90.50 54.50 0
F0_1936 0 90.50 56.00 0
F0_1937 0 90.50 57.50 0
F0_1938 0 90.50 59.00 0
F0_1939 0 90.50 60.50 0
F0_1940 0 90.50 62.00 0
F0_1941 0 90.50 63.50 0
F0_1942 0 90.50 65.00 0
F0_1943 0 90.50 66.50 0
F0_1944 0 90.50 68.00 0
F0_1945 0 90.50 69.50 0
F0_1946 0 90.50 71.00 0
F0_1947 0 90.50 72.50 0
F0_1948 0 90.50 74.00 0
F0_1949 0 90.50 75.50 0
F0_1950 0 90.50 77.00 0
F0_1951 0 90.50 78.50 0
F0_1952 0 90.50 80.00 0
F0_1953 0 90.50 81.50 0
F0_1954 0 90.50 83.00 0
F0_1955 0 90.50 84.50 0
F0_1956 0 90.50 86.00 0
F0_1957 0 90.50 87.50 0
F0_1958 0 90.50 89.00 0
F0_1959 0 90.50 90.50 0
F0_1960 0 90.50 92.00 0
F0_1961 0 90.50 93.50 0
F0_1962 0 90.50 95.00 0
F0_1963 0 90.50 96.50 0
F0_1964 0 92.00 15.50 0
F0_1965 0 92.00 17.00 0
F0_1966 0 92.00 18.50 0
F0_1967 0 92.00 20.00 0
F0_1968 0 92.00 21.50 0
F0_1969 0 92.00 23.00 0
F0_1970 0 92.00 24.50 0
F0_1971 0 92.00 26.00 0
F0_1972 0 92.00 27.50 0
F0_1973 0 92.00 29.00 0
F0_1974 0 92.00 30.50 0
F0_1975 0 92.00 44.00 0
F0_1976 0 92.00 45.50 0
F0_1977 0 92.00 47.00 0
F0_1978 0 92.00 48.50 0
F0_1979 0 92.00 50.00 0
F0_1980 0 92.00 51.50 0
F0_1981 0 92.00 53.00 0
F0_1982 0 92.00 54.50 0
F0_1983 0 92.00 56.00 0
F0_1984 0 92.00 57.50 0
F0_1985 0 92.00 77.00 0
F0_1986 0 92.00 78.50 0
F0_1987 0 92.00 80.00 0
F0_1988 0 92.00 81.50 0
F0_1989 0 92.00 83.00 0
F0_1990 0 92.00 84.50 0
F0_1991 0 92.00 86.00 0
F0_1992 0 92.00 87.50 0
F0_1993 0 92.00 89.00 0
F0_1994 0 92.00 90.50 0
F0_1995 0 92.00 92.00 0
F0_1996 0 92.00 93.50 0
F0_1997 0 93.50 15.50 0
F0_1998 0 93.50 17.00 0
F0_1999 0 93.50 18.50 0
F0_2000 0 93.50 20.00 0
F0_2001 0 93.50 21.50 0
F0_2002 0 93.50 23.00 0
F0_2003 0 93.50 24.50 0
F0_2004 0 93.50 26.00 0
F0_2005 0 93.50 27.50 0
F0_2006 0 93.50 29.00 0
F0_2007 0 93.50 30.50 0
F0_2008 0 93.50 44.00 0
F0_2009 0 93.50 45.50 0
F0_2010 0 93.50 47.00 0
F0_2011 0 93.50 48.50 0
F0_2012 0 93.50 50.00 0
F0_2013 0 93.50 51.50 0
F0_2014 0 93.50 53.00 0
F0_2015 0 93.50 54.50 0
F0_2016 0 93.50 56.00 0
F0_2017 0 93.50 57.50 0
F0_2018 0 95.00 14.00 0
F0_2019 0 95.00 15.50 0
F0_2020 0 95.00 17.00 0
F0_2021 0 95.00 18.50 0
F0_2022 0 95.00 20.00 0
F0_2023 0 95.00 21.50 0
F0_2024 0 95.00 23.00 0
F0_2025 0 95.00 24.50 0
F0_2026 0 95.00 26.00 0
F0_2027 0 95.00 27.50 0
F0_2028 0 95.00 29.00 0
F0_2029 0 95.00 44.00 0
F0_2030 0 95.00 45.50 0
F0_2031 0 95.00 47.00 0
F0_2032 0 95.00 48.50 0
F0_2033 0 95.00 50.00 0
F0_2034 0 95.00 51.50 0
F0_2035 0 95.00 53.00 0
F0_2036 0 95.00 54.50 0
F0_2037 0 95.00 56.00 0
F0_2038 0 95.00 57.50 0
F0_2039 0 96.50 14.00 0
F0_2040 0 96.50 15.50 0
F0_2041 0 96.50 17.00 0
F0_2042 0 96.50 18.50 0
F0_2043 0 96.50 20.00 0
F0_2044 0 96.50 21.50 0
F0_2045 0 96.50 23.00 0
F0_2046 0 96.50 24.50 0
F0_2047 0 96.50 26.00 0
F0_2048 0 96.50 27.50 0
F0_2049 0 96.50 29.00 0
F0_2050 0 96.50 44.00 0
F0_2051 0 96.50 45.50 0
F0_2052 0 96.50 47.00 0
F0_2053 0 96.50 48.50 0
F0_2054 0 96.50 50.00 0
F0_2055 0 96.50 51.50 0
F0_2056 0 96.50 53.00 0
F0_2057 0 96.50 54.50 0
F0_2058 0 96.50 56.00 0
F0_2059 0 96.50 57.50 0
F0_2060 0 98.00 12.50 0
F0_2061 0 98.00 14.00 0
F0_2062 0 98.00 15.50 0
F0_2063 0 98.00 17.00 0
F0_2064 0 98.00 18.50 0
F0_2065 0 98.00 20.00 0
F0_2066 0 98.00 21.50 0
F0_2067 0 98.00 23.00 0
F0_2068 0 98.00 24.50 0
F0_2069 0 98.00 26.00 0
F0_2070 0 98.00 27.50 0
F0_2071 0 98.00 44.00 0
F0_2072 0 98.00 45.50 0
F0_2073 0 98.00 47.00 0
F0_2074 0 98.00 48.50 0
F0_2075 0 98.00 50.00 0
F0_2076 0 98.00 51.50 0
F0_2077 0 98.00 53.00 0
F0_2078 0 98.00 54.50 0
F0_2079 0 98.00 56.00 0
F0_2080 0 98.00 57.50 0
