F2_09 2 3.50 68.00 0
F2_10 2 3.50 69.50 0
F2_11 2 3.50 71.00 0
F2_12 2 3.50 72.50 0
F2_13 2 3.50 74.00 0
F2_14 2 3.50 75.50 0
F2_15 2 3.50 77.00 0
F2_16 2 3.50 78.50 0
F2_17 2 3.50 80.00 0
F2_18 2 3.50 81.50 0
F2_19 2 3.50 83.00 0
F2_20 2 5.00 68.00 0
F2_21 2 5.00 69.50 0
F2_22 2 5.00 71.00 0
F2_23 2 5.00 72.50 0
F2_24 2 5.00 74.00 0
F2_25 2 5.00 75.50 0
F2_26 2 5.00 77.00 0
F2_27 2 5.00 78.50 0
F2_28 2 5.00 80.00 0
F2_29 2 5.00 81.50 0
F2_30 2 6.50 66.50 0
F2_31 2 6.50 68.00 0
F2_32 2 6.50 69.50 0
F2_33 2 6.50 71.00 0
F2_34 2 6.50 72.50 0
F2_35 2 6.50 74.00 0
F2_36 2 6.50 75.50 0
F2_37 2 6.50 77.00 0
F2_38 2 6.50 78.50 0
F2_39 2 6.50 80.00 0
F2_40 2 8.00 66.50 0
F2_41 2 8.00 68.00 0
F2_42 2 8.00 69.50 0
F2_43 2 8.00 71.00 0
F2_44 2 8.00 72.50 0
F2_45 2 8.00 74.00 0
F2_46 2 8.00 75.50 0
F2_47 2 8.00 77.00 0
F2_48 2 8.00 78.50 0
F2_49 2 8.00 80.00 0
F2_50 2 9.50 65.00 0
F2_51 2 9.50 66.50 0
F2_52 2 9.50 68.00 0
F2_53 2 9.50 69.50 0
F2_54 2 9.50 71.00 0
F2_55 2 9.50 72.50 0
F2_56 2 9.50 74.00 0
F2_57 2 9.50 75.50 0
F2_58 2 9.50 77.00 0
F2_59 2 9.50 78.50 0
F2_60 2 11.00 65.00 0
F2_61 2 11.00 66.50 0
F2_62 2 11.00 68.00 0
F2_63 2 11.00 69.50 0
F2_64 2 11.00 71.00 0
F2_65 2 11.00 72.50 0
F2_66 2 11.00 74.00 0
F2_67 2 11.00 75.50 0
F2_68 2 11.00 77.00 0
F2_69 2 11.00 78.50 0
F2_70 2 12.50 63.50 0
F2_71 2 12.50 65.00 0
F2_72 2 12.50 66.50 0
F2_73 2 12.50 68.00 0
F2_74 2 12.50 69.50 0
F2_75 2 12.50 71.00 0
F2_76 2 12.50 72.50 0
F2_77 2 12.50 74.00 0
F2_78 2 12.50 75.50 0
F2_79 2 12.50 77.00 0
F2_80 2 14.00 62.00 0
F2_81 2 14.00 63.50 0
F2_82 2 14.00 65.00 0
F2_83 2 14.00 66.50 0
F2_84 2 14.00 68.00 0
F2_85 2 14.00 69.50 0
F2_86 2 14.00 71.00 0
F2_87 2 14.00 72.50 0
F2_88 2 14.00 74.00 0
F2_89 2 14.00 75.50 0
F2_90 2 14.00 77.00 0
F2_91 2 15.50 62.00 0
F2_92 2 15.50 63.50 0
F2_93 2 15.50 65.00 0
F2_94 2 15.50 66.50 0
F2_95 2 15.50 68.00 0
F2_96 2 15.50 69.50 0
F2_97 2 15.50 71.00 0
F2_98 2 15.50 72.50 0
F2_99 2 15.50 74.00 0
F2_100 2 15.50 75.50 0
F2_101 2 17.00 60.50 0
F2_102 2 17.00 62.00 0
F2_103 2 17.00 63.50 0
F2_104 2 17.00 65.00 0
F2_105 2 17.00 66.50 0
F2_106 2 17.00 68.00 0
F2_107 2 17.00 69.50 0
F2_108 2 17.00 71.00 0
F2_109 2 17.00 72.50 0
F2_110 2 17.00 74.00 0
F2_111 2 18.50 60.50 0
F2_112 2 18.50 62.00 0
F2_113 2 18.50 63.50 0
F2_114 2 18.50 65.00 0
F2_115 2 18.50 66.50 0
F2_116 2 18.50 68.00 0
F2_117 2 18.50 69.50 0
F2_118 2 18.50 71.00 0
F2_119 2 18.50 72.50 0
F2_120 2 18.50 74.00 0
F2_121 2 20.00 59.00 0
F2_122 2 20.00 60.50 0
F2_123 2 20.00 62.00 0
F2_124 2 20.00 63.50 0
F2_125 2 20.00 65.00 0
F2_126 2 20.00 66.50 0
F2_127 2 20.00 68.00 0
F2_128 2 20.00 69.50 0
F2_129 2 20.00 71.00 0
F2_130 2 20.00 72.50 0
F2_131 2 21.50 57.50 0
F2_132 2 21.50 59.00 0
F2_133 2 21.50 60.50 0
F2_134 2 21.50 62.00 0
F2_135 2 21.50 63.50 0
F2_136 2 21.50 65.00 0
F2_137 2 21.50 66.50 0
F2_138 2 21.50 68.00 0
F2_139 2 21.50 69.50 0
F2_140 2 21.50 71.00 0
F2_141 2 21.50 72.50 0
F2_142 2 23.00 57.50 0
F2_143 2 23.00 59.00 0
F2_144 2 23.00 60.50 0
F2_145 2 23.00 62.00 0
F2_146 2 23.00 63.50 0
F2_147 2 23.00 65.00 0
F2_148 2 23.00 66.50 0
F2_149 2 23.00 68.00 0
F2_150 2 23.00 69.50 0
F2_151 2 23.00 71.00 0
F2_152 2 24.50 56.00 0
F2_153 2 24.50 57.50 0
F2_154 2 24.50 59.00 0
F2_155 2 24.50 60.50 0
F2_156 2 24.50 62.00 0
F2_157 2 24.50 63.50 0
F2_158 2 24.50 65.00 0
F2_159 2 24.50 66.50 0
F2_160 2 24.50 68.00 0
F2_161 2 24.50 69.50 0
F2_162 2 26.00 56.00 0
F2_163 2 26.00 57.50 0
F2_164 2 26.00 59.00 0
F2_165 2 26.00 60.50 0
F2_166 2 26.00 62.00 0
F2_167 2 26.00 63.50 0
F2_168 2 26.00 65.00 0
F2_169 2 26.00 66.50 0
F2_170 2 26.00 68.00 0
F2_171 2 26.00 69.50 0
F2_172 2 27.50 54.50 0
F2_173 2 27.50 56.00 0
F2_174 2 27.50 57.50 0
F2_175 2 27.50 59.00 0
F2_176 2 27.50 60.50 0
F2_177 2 27.50 62.00 0
F2_178 2 27.50 63.50 0
F2_179 2 27.50 65.00 0
F2_180 2 27.50 66.50 0
F2_181 2 27.50 68.00 0
F2_182 2 29.00 53.00 0
F2_183 2 29.00 54.50 0
F2_184 2 29.00 56.00 0
F2_185 2 29.00 57.50 0
F2_186 2 29.00 59.00 0
F2_187 2 29.00 60.50 0
F2_188 2 29.00 62.00 0
F2_189 2 29.00 63.50 0
F2_190 2 29.00 65.00 0
F2_191 2 29.00 66.50 0
F2_192 2 29.00 68.00 0
F2_193 2 30.50 53.00 0
F2_194 2 30.50 54.50 0
F2_195 2 30.50 56.00 0
F2_196 2 30.50 57.50 0
F2_197 2 30.50 59.00 0
F2_198 2 30.50 60.50 0
F2_199 2 30.50 62.00 0
F2_200 2 30.50 63.50 0
F2_201 2 30.50 65.00 0
F2_202 2 30.50 66.50 0
F2_203 2 32.00 51.50 0
F2_204 2 32.00 53.00 0
F2_205 2 32.00 54.50 0
F2_206 2 32.00 56.00 0
F2_207 2 32.00 57.50 0
F2_208 2 32.00 59.00 0
F2_209 2 32.00 60.50 0
F2_210 2 32.00 62.00 0
F2_211 2 32.00 63.50 0
F2_212 2 32.00 65.00 0
F2_213 2 33.50 51.50 0
F2_214 2 33.50 53.00 0
F2_215 2 33.50 54.50 0
F2_216 2 33.50 56.00 0
F2_217 2 33.50 57.50 0
F2_218 2 33.50 59.00 0
F2_219 2 33.50 60.50 0
F2_220 2 33.50 62.00 0
F2_221 2 33.50 63.50 0
F2_222 2 33.50 65.00 0
F2_223 2 35.00 50.00 0
F2_224 2 35.00 51.50 0
F2_225 2 35.00 53.00 0
F2_226 2 35.00 54.50 0
F2_227 2 35.00 56.00 0
F2_228 2 35.00 57.50 0
F2_229 2 35.00 59.00 0
F2_230 2 35.00 60.50 0
F2_231 2 35.00 62.00 0
F2_232 2 35.00 63.50 0
F2_233 2 36.50 50.00 0
F2_234 2 36.50 51.50 0
F2_235 2 36.50 53.00 0
F2_236 2 36.50 54.50 0
F2_237 2 36.50 56.00 0
F2_238 2 36.50 57.50 0
F2_239 2 36.50 59.00 0
F2_240 2 36.50 60.50 0
F2_241 2 36.50 62.00 0
F2_242 2 36.50 63.50 0
F2_243 2 38.00 48.50 0
F2_244 2 38.00 50.00 0
F2_245 2 38.00 51.50 0
F2_246 2 38.00 53.00 0
F2_247 2 38.00 54.50 0
F2_248 2 38.00 56.00 0
F2_249 2 38.00 57.50 0
F2_250 2 38.00 59.00 0
F2_251 2 38.00 60.50 0
F2_252 2 38.00 62.00 0
F2_253 2 39.50 47.00 0
F2_254 2 39.50 48.50 0
F2_255 2 39.50 50.00 0
F2_256 2 39.50 51.50 0
F2_257 2 39.50 53.00 0
F2_258 2 39.50 54.50 0
F2_259 2 39.50 56.00 0
F2_260 2 39.50 57.50 0
F2_261 2 39.50 59.00 0
F2_262 2 39.50 60.50 0
F2_263 2 41.00 47.00 0
F2_264 2 41.00 48.50 0
F2_265 2 41.00 50.00 0
F2_266 2 41.00 51.50 0
F2_267 2 41.00 53.00 0
F2_268 2 41.00 54.50 0
F2_269 2 41.00 56.00 0
F2_270 2 41.00 57.50 0
F2_271 2 41.00 59.00 0
F2_272 2 41.00 60.50 0
F2_273 2 42.50 45.50 0
F2_274 2 42.50 47.00 0
F2_275 2 42.50 48.50 0
F2_276 2 42.50 50.00 0
F2_277 2 42.50 51.50 0
F2_278 2 42.50 53.00 0
F2_279 2 42.50 54.50 0
F2_280 2 42.50 56.00 0
F2_281 2 42.50 57.50 0
F2_282 2 42.50 59.00 0
F2_283 2 44.00 45.50 0
F2_284 2 44.00 47.00 0
F2_285 2 44.00 48.50 0
F2_286 2 44.00 50.00 0
F2_287 2 44.00 51.50 0
F2_288 2 44.00 53.00 0
F2_289 2 44.00 54.50 0
F2_290 2 44.00 56.00 0
F2_291 2 44.00 57.50 0
F2_292 2 44.00 59.00 0
F2_293 2 45.50 44.00 0
F2_294 2 45.50 45.50 0
F2_295 2 45.50 47.00 0
F2_296 2 45.50 48.50 0
F2_297 2 45.50 50.00 0
F2_298 2 45.50 51.50 0
F2_299 2 45.50 53.00 0
F2_300 2 45.50 54.50 0
F2_301 2 45.50 56.00 0
F2_302 2 45.50 57.50 0
F2_303 2 47.00 42.50 0
F2_304 2 47.00 44.00 0
F2_305 2 47.00 45.50 0
F2_306 2 47.00 47.00 0
F2_307 2 47.00 48.50 0
F2_308 2 47.00 50.00 0
F2_309 2 47.00 51.50 0
F2_310 2 47.00 53.00 0
F2_311 2 47.00 54.50 0
F2_312 2 47.00 56.00 0
F2_313 2 48.50 42.50 0
F2_314 2 48.50 44.00 0
F2_315 2 48.50 45.50 0
F2_316 2 48.50 47.00 0
F2_317 2 48.50 48.50 0
F2_318 2 48.50 50.00 0
F2_319 2 48.50 51.50 0
F2_320 2 48.50 53.00 0
F2_321 2 48.50 54.50 0
F2_322 2 48.50 56.00 0
F2_323 2 50.00 41.00 0
F2_324 2 50.00 42.50 0
F2_325 2 50.00 44.00 0
F2_326 2 50.00 45.50 0
F2_327 2 50.00 47.00 0
F2_328 2 50.00 48.50 0
F2_329 2 50.00 50.00 0
F2_330 2 50.00 51.50 0
F2_331 2 50.00 53.00 0
F2_332 2 50.00 54.50 0
F2_333 2 51.50 41.00 0
F2_334 2 51.50 42.50 0
F2_335 2 51.50 44.00 0
F2_336 2 51.50 45.50 0
F2_337 2 51.50 47.00 0
F2_338 2 51.50 48.50 0
F2_339 2 51.50 50.00 0
F2_340 2 51.50 51.50 0
F2_341 2 51.50 53.00 0
F2_342 2 51.50 54.50 0
F2_343 2 53.00 39.50 0
F2_344 2 53.00 41.00 0
F2_345 2 53.00 42.50 0
F2_346 2 53.00 44.00 0
F2_347 2 53.00 45.50 0
F2_348 2 53.00 47.00 0
F2_349 2 53.00 48.50 0
F2_350 2 53.00 50.00 0
F2_351 2 53.00 51.50 0
F2_352 2 53.00 53.00 0
F2_353 2 54.50 38.00 0
F2_354 2 54.50 39.50 0
F2_355 2 54.50 41.00 0
F2_356 2 54.50 42.50 0
F2_357 2 54.50 44.00 0
F2_358 2 54.50 45.50 0
F2_359 2 54.50 47.00 0
F2_360 2 54.50 48.50 0
F2_361 2 54.50 50.00 0
F2_362 2 54.50 51.50 0
F2_363 2 56.00 38.00 0
F2_364 2 56.00 39.50 0
F2_365 2 56.00 41.00 0
F2_366 2 56.00 42.50 0
F2_367 2 56.00 44.00 0
F2_368 2 56.00 45.50 0
F2_369 2 56.00 47.00 0
F2_370 2 56.00 48.50 0
F2_371 2 56.00 50.00 0
F2_372 2 56.00 51.50 0
F2_373 2 57.50 36.50 0
F2_374 2 57.50 38.00 0
F2_375 2 57.50 39.50 0
F2_376 2 57.50 41.00 0
F2_377 2 57.50 42.50 0
F2_378 2 57.50 44.00 0
F2_379 2 57.50 45.50 0
F2_380 2 57.50 47.00 0
F2_381 2 57.50 48.50 0
F2_382 2 57.50 50.00 0
F2_383 2 59.00 36.50 0
F2_384 2 59.00 38.00 0
F2_385 2 59.00 39.50 0
F2_386 2 59.00 41.00 0
F2_387 2 59.00 42.50 0
F2_388 2 59.00 44.00 0
F2_389 2 59.00 45.50 0
F2_390 2 59.00 47.00 0
F2_391 2 59.00 48.50 0
F2_392 2 59.00 50.00 0
F2_393 2 60.50 35.00 0
F2_394 2 60.50 36.50 0
F2_395 2 60.50 38.00 0
F2_396 2 60.50 39.50 0
F2_397 2 60.50 41.00 0
F2_398 2 60.50 42.50 0
F2_399 2 60.50 44.00 0
F2_400 2 60.50 45.50 0
F2_401 2 60.50 47.00 0
F2_402 2 60.50 48.50 0
F2_403 2 62.00 33.50 0
F2_404 2 62.00 35.00 0
F2_405 2 62.00 36.50 0
F2_406 2 62.00 38.00 0
F2_407 2 62.00 39.50 0
F2_408 2 62.00 41.00 0
F2_409 2 62.00 42.50 0
F2_410 2 62.00 44.00 0
F2_411 2 62.00 45.50 0
F2_412 2 62.00 47.00 0
F2_413 2 63.50 33.50 0
F2_414 2 63.50 35.00 0
F2_415 2 63.50 36.50 0
F2_416 2 63.50 38.00 0
F2_417 2 63.50 39.50 0
F2_418 2 63.50 41.00 0
F2_419 2 63.50 42.50 0
F2_420 2 63.50 44.00 0
F2_421 2 63.50 45.50 0
F2_422 2 63.50 47.00 0
F2_423 2 65.00 32.00 0
F2_424 2 65.00 33.50 0
F2_425 2 65.00 35.00 0
F2_426 2 65.00 36.50 0
F2_427 2 65.00 38.00 0
F2_428 2 65.00 39.50 0
F2_429 2 65.00 41.00 0
F2_430 2 65.00 42.50 0
F2_431 2 65.00 44.00 0
F2_432 2 65.00 45.50 0
F2_433 2 66.50 32.00 0
F2_434 2 66.50 33.50 0
F2_435 2 66.50 35.00 0
F2_436 2 66.50 36.50 0
F2_437 2 66.50 38.00 0
F2_438 2 66.50 39.50 0
F2_439 2 66.50 41.00 0
F2_440 2 66.50 42.50 0
F2_441 2 66.50 44.00 0
F2_442 2 66.50 45.50 0
F2_443 2 68.00 30.50 0
F2_444 2 68.00 32.00 0
F2_445 2 68.00 33.50 0
F2_446 2 68.00 35.00 0
F2_447 2 68.00 36.50 0
F2_448 2 68.00 38.00 0
F2_449 2 68.00 39.50 0
F2_450 2 68.00 41.00 0
F2_451 2 68.00 42.50 0
F2_452 2 68.00 44.00 0
F2_453 2 69.50 29.00 0
F2_454 2 69.50 30.50 0
F2_455 2 69.50 32.00 0
F2_456 2 69.50 33.50 0
F2_457 2 69.50 35.00 0
F2_458 2 69.50 36.50 0
F2_459 2 69.50 38.00 0
F2_460 2 69.50 39.50 0
F2_461 2 69.50 41.00 0
F2_462 2 69.50 42.50 0
F2_463 2 69.50 44.00 0
F2_464 2 71.00 29.00 0
F2_465 2 71.00 30.50 0
F2_466 2 71.00 32.00 0
F2_467 2 71.00 33.50 0
F2_468 2 71.00 35.00 0
F2_469 2 71.00 36.50 0
F2_470 2 71.00 38.00 0
F2_471 2 71.00 39.50 0
F2_472 2 71.00 41.00 0
F2_473 2 71.00 42.50 0
F2_474 2 72.50 27.50 0
F2_475 2 72.50 29.00 0
F2_476 2 72.50 30.50 0
F2_477 2 72.50 32.00 0
F2_478 2 72.50 33.50 0
F2_479 2 72.50 35.00 0
F2_480 2 72.50 36.50 0
F2_481 2 72.50 38.00 0
F2_482 2 72.50 39.50 0
F2_483 2 72.50 41.00 0
F2_484 2 74.00 27.50 0
F2_485 2 74.00 29.00 0
F2_486 2 74.00 30.50 0
F2_487 2 74.00 32.00 0
F2_488 2 74.00 33.50 0
F2_489 2 74.00 35.00 0
F2_490 2 74.00 36.50 0
F2_491 2 74.00 38.00 0
F2_492 2 74.00 39.50 0
F2_493 2 74.00 41.00 0
F2_494 2 75.50 26.00 0
F2_495 2 75.50 27.50 0
F2_496 2 75.50 29.00 0
F2_497 2 75.50 30.50 0
F2_498 2 75.50 32.00 0
F2_499 2 75.50 33.50 0
F2_500 2 75.50 35.00 0
F2_501 2 75.50 36.50 0
F2_502 2 75.50 38.00 0
F2_503 2 75.50 39.50 0
F2_504 2 77.00 24.50 0
F2_505 2 77.00 26.00 0
F2_506 2 77.00 27.50 0
F2_507 2 77.00 29.00 0
F2_508 2 77.00 30.50 0
F2_509 2 77.00 32.00 0
F2_510 2 77.00 33.50 0
F2_511 2 77.00 35.00 0
F2_512 2 77.00 36.50 0
F2_513 2 77.00 38.00 0
F2_514 2 77.00 39.50 0
F2_515 2 78.50 24.50 0
F2_516 2 78.50 26.00 0
F2_517 2 78.50 27.50 0
F2_518 2 78.50 29.00 0
F2_519 2 78.50 30.50 0
F2_520 2 78.50 32.00 0
F2_521 2 78.50 33.50 0
F2_522 2 78.50 35.00 0
F2_523 2 78.50 36.50 0
F2_524 2 78.50 38.00 0
F2_525 2 80.00 23.00 0
F2_526 2 80.00 24.50 0
F2_527 2 80.00 26.00 0
F2_528 2 80.00 27.50 0
F2_529 2 80.00 29.00 0
F2_530 2 80.00 30.50 0
F2_531 2 80.00 32.00 0
F2_532 2 80.00 33.50 0
F2_533 2 80.00 35.00 0
F2_534 2 80.00 36.50 0
F2_535 2 81.50 23.00 0
F2_536 2 81.50 24.50 0
F2_537 2 81.50 26.00 0
F2_538 2 81.50 27.50 0
F2_539 2 81.50 29.00 0
F2_540 2 81.50 30.50 0
F2_541 2 81.50 32.00 0
F2_542 2 81.50 33.50 0
F2_543 2 81.50 35.00 0
F2_544 2 81.50 36.50 0
F2_545 2 83.00 21.50 0
F2_546 2 83.00 23.00 0
F2_547 2 83.00 24.50 0
F2_548 2 83.00 26.00 0
F2_549 2 83.00 27.50 0
F2_550 2 83.00 29.00 0
F2_551 2 83.00 30.50 0
F2_552 2 83.00 32.00 0
F2_553 2 83.00 33.50 0
F2_554 2 83.00 35.00 0
F2_555 2 84.50 20.00 0
F2_556 2 84.50 21.50 0
F2_557 2 84.50 23.00 0
F2_558 2 84.50 24.50 0
F2_559 2 84.50 26.00 0
F2_560 2 84.50 27.50 0
F2_561 2 84.50 29.00 0
F2_562 2 84.50 30.50 0
F2_563 2 84.50 32.00 0
F2_564 2 84.50 33.50 0
F2_565 2 84.50 35.00 0
F2_566 2 86.00 20.00 0
F2_567 2 86.00 21.50 0
F2_568 2 86.00 23.00 0
F2_569 2 86.00 24.50 0
F2_570 2 86.00 26.00 0
F2_571 2 86.00 27.50 0
F2_572 2 86.00 29.00 0
F2_573 2 86.00 30.50 0
F2_574 2 86.00 32.00 0
F2_575 2 86.00 33.50 0
F2_576 2 87.50 18.50 0
F2_577 2 87.50 20.00 0
F2_578 2 87.50 21.50 0
F2_579 2 87.50 23.00 0
F2_580 2 87.50 24.50 0
F2_581 2 87.50 26.00 0
F2_582 2 87.50 27.50 0
F2_583 2 87.50 29.00 0
F2_584 2 87.50 30.50 0
F2_585 2 87.50 32.00 0
F2_586 2 89.00 18.50 0
F2_587 2 89.00 20.00 0
F2_588 2 89.00 21.50 0
F2_589 2 89.00 23.00 0
F2_590 2 89.00 24.50 0
F2_591 2 89.00 26.00 0
F2_592 2 89.00 27.50 0
F2_593 2 89.00 29.00 0
F2_594 2 89.00 30.50 0
F2_595 2 89.00 32.00 0
F2_596 2 90.50 17.00 0
F2_597 2 90.50 18.50 0
F2_598 2 90.50 20.00 0
F2_599 2 90.50 21.50 0
F2_600 2 90.50 23.00 0
F2_601 2 90.50 24.50 0
F2_602 2 90.50 26.00 0
F2_603 2 90.50 27.50 0
F2_604 2 90.50 29.00 0
F2_605 2 90.50 30.50 0
F2_606 2 92.00 15.50 0
F2_607 2 92.00 17.00 0
F2_608 2 92.00 18.50 0
F2_609 2 92.00 20.00 0
F2_610 2 92.00 21.50 0
F2_611 2 92.00 23.00 0
F2_612 2 92.00 24.50 0
F2_613 2 92.00 26.00 0
F2_614 2 92.00 27.50 0
F2_615 2 92.00 29.00 0
F2_616 2 92.00 30.50 0
F2_617 2 93.50 15.50 0
F2_618 2 93.50 17.00 0
F2_619 2 93.50 18.50 0
F2_620 2 93.50 20.00 0
F2_621 2 93.50 21.50 0
F2_622 2 93.50 23.00 0
F2_623 2 93.50 24.50 0
F2_624 2 93.50 26.00 0
F2_625 2 93.50 27.50 0
F2_626 2 93.50 29.00 0
F2_627 2 95.00 14.00 0
F2_628 2 95.00 15.50 0
F2_629 2 95.00 17.00 0
F2_630 2 95.00 18.50 0
F2_631 2 95.00 20.00 0
F2_632 2 95.00 21.50 0
F2_633 2 95.00 23.00 0
F2_634 2 95.00 24.50 0
F2_635 2 95.00 26.00 0
F2_636 2 95.00 27.50 0
F2_637 2 96.50 14.00 0
F2_638 2 96.50 15.50 0
F2_639 2 96.50 17.00 0
F2_640 2 96.50 18.50 0
F2_641 2 96.50 20.00 0
F2_642 2 96.50 21.50 0
F2_643 2 96.50 23.00 0
F2_644 2 96.50 24.50 0
F2_645 2 96.50 26.00 0
F2_646 2 96.50 27.50 0

