45
48
63
65
83
85
103
105
123
125
143
145
163
165
170
183
185
189
190
203
205
209
210
223
225
229
230
243
245
249
250
263
265
269
270
283
285
289
290
303
305
309
310
323
325
329
330
339
342
343
350
353
356
360
365
365
366
368
375
377
379
380
384
386
388
391
391
392
395
398
400
401
402
403
405
405
411
412
412
413
415
416
419
421
422
423
425
425
426
430
431
431
432
436
436
436
437
439
441
442
443
443
446
447
448
449
449
451
454
454
456
456
457
458
459
461
462
464
465
467
467
468
468
470
472
472
473
475
476
476
477
478
480
481
481
483
484
485
487
488
489
489
491
492
493
493
495
495
496
497
498
499
500
501
501
504
504
506
506
507
508
508
511
512
512
513
515
516
516
517
518
518
520
520
521
523
524
526
526
527
527
528
529
532
533
533
534
534
535
536
536
539
539
540
542
542
543
543
546
546
546
549
549
550
552
554
554
554
556
557
559
562
562
562
563
563
565
566
569
570
570
570
571
572
574
575
577
577
579
580
581
581
582
584
587
587
588
589
591
593
593
595
596
597
599
600
601
603
606
606
606
607
611
612
613
615
616
617
617
620
621
623
623
626
626
627
629
632
633
633
635
636
637
640
640
641
643
646
646
647
647
651
652
653
653
656
656
657
658
661
662
663
664
666
667
668
671
671
673
675
676
677
678
680
681
683
685
685
686
687
691
692
693
693
696
697
699
701
701
703
706
706
707
708
711
712
713
716
716
717
720
721
723
723
726
727
727
730
731
733
735
736
737
737
741
742
743
745
746
747
750
751
752
753
756
757
757
758
761
763
764
765
766
767
770
771
772
773
776
776
777
780
781
782
783
786
787
788
789
791
793
795
796
796
797
801
802
802
803
806
807
807
810
811
813
813
816
817
818
820
821
823
826
826
827
827
831
832
833
835
836
837
840
841
842
843
846
847
847
848
851
851
853
853
856
857
857
860
861
863
863
866
867
867
869
872
873
874
876
877
877
881
882
883
885
886
887
890
891
893
893
896
897
897
900
902
902
903
906
907
907
908
911
913
913
915
916
917
920
921
921
922
926
927
927
929
929
932
932
933
936
937
937
937
941
943
945
945
946
947
950
951
953
953
956
957
957
961
961
962
963
964
967
967
967
970
970
971
972
976
977
977
977
979
980
982
983
985
987
987
988
989
990
992
992
993
997
997
998
999
1000
1001
1003
1004
1005
1007
1007
1008
1008
1010
1011
1013
1014
1015
1015
1017
1018
1019
1019
1020
1023
1023
1024
1024
1025
1027
1027
1028
1030
1030
1031
1031
1034
1035
1035
1035
1037
1038
1039
1039
1041
1043
1043
1044
1046
1046
1047
1048
1049
1049
1051
1053
1053
1055
1055
1056
1058
1059
1059
1060
1061
1063
1064
1065
1066
1068
1069
1069
1070
1072
1072
1074
1075
1076
1076
1078
1080
1080
1080
1084
1084
1085
1085
1086
1087
1090
1090
1092
1093
1095
1095
1096
1097
1100
1100
1100
1103
1104
1105
1106
1107
1108
1110
1111
1112
1112
1115
1115
1117
1117
1119
1119
1121
1121
1124
1125
1126
1127
1128
1129
1132
1132
1134
1134
1137
1137
1138
1139
1141
1142
1143
1145
1145
1147
1149
1149
1151
1153
1154
1155
1157
1158
1160
1163
1166
1167
1168
1169
1171
1174
1175
1176
1177
1181
1181
1185
1185
1186
1187
1190
1192
1195
1195
1196
1197
1200
1200
1205
1205
1206
1207
1210
1213
1215
1216
1217
1220
1222
1225
1226
1227
1229
1231
1234
1235
1237
1237
1240
1243
1246
1246
1247
1248
1253
1255
1255
1257
1259
1261
1265
1266
1267
1268
1271
1274
1275
1277
1277
1281
1285
1287
1289
1295
1296
1297
1485
1488
1503
1505
1523
1525
1543
1545
1563
1565
1583
1585
1603
1605
1610
1623
1625
1629
1630
1643
1645
1649
1650
1663
1665
1669
1670
1683
1685
1689
1690
1703
1705
1709
1710
1723
1725
1729
1730
1743
1745
1749
1750
1763
1765
1769
1770
1779
1782
1783
1790
1793
1796
1800
1805
1805
1806
1808
1815
1817
1819
1820
1824
1826
1828
1831
1831
1832
1835
1838
1840
1841
1842
1843
1845
1845
1851
1852
1852
1853
1855
1856
1859
1861
1862
1863
1865
1865
1866
1870
1871
1871
1872
1876
1876
1876
1877
1879
1881
1882
1883
1883
1886
1887
1888
1889
1889
1891
1894
1894
1896
1896
1897
1898
1899
1901
1902
1904
1905
1907
1907
1908
1908
1910
1912
1912
1913
1915
1916
1916
1917
1918
1920
1921
1921
1923
1924
1925
1927
1928
1929
1929
1931
1932
1933
1933
1935
1935
1936
1937
1938
1939
1940
1941
1941
1944
1944
1946
1946
1947
1948
1948
1951
1952
1952
1953
1955
1956
1956
1957
1958
1958
1960
1960
1961
1963
1964
1966
1966
1967
1967
1968
1969
1972
1973
1973
1974
1974
1975
1976
1976
1979
1979
1980
1982
1982
1983
1983
1986
1986
1986
1989
1989
1990
1992
1994
1994
1994
1996
1997
1999
2002
2002
2002
2003
2003
2005
2006
2009
2010
2010
2010
2011
2012
2014
2015
2017
2017
2019
2020
2021
2021
2022
2024
2027
2027
2028
2029
2031
2033
2033
2035
2036
2037
2039
2040
2041
2043
2046
2046
2046
2047
2051
2052
2053
2055
2056
2057
2057
2060
2061
2063
2063
2066
2066
2067
2069
2072
2073
2073
2075
2076
2077
2080
2080
2081
2083
2086
2086
2087
2087
2091
2092
2093
2093
2096
2096
2097
2098
2101
2102
2103
2104
2106
2107
2108
2111
2111
2113
2115
2116
2117
2118
2120
2121
2123
2125
2125
2126
2127
2131
2132
2133
2133
2136
2137
2139
2141
2141
2143
2146
2146
2147
2148
2151
2152
2153
2156
2156
2157
2160
2161
2163
2163
2166
2167
2167
2170
2171
2173
2175
2176
2177
2177
2181
2182
2183
2185
2186
2187
2190
2191
2192
2193
2196
2197
2197
2198
2201
2203
2204
2205
2206
2207
2210
2211
2212
2213
2216
2216
2217
2220
2221
2222
2223
2226
2227
2228
2229
2231
2233
2235
2236
2236
2237
2241
2242
2242
2243
2246
2247
2247
2250
2251
2253
2253
2256
2257
2258
2260
2261
2263
2266
2266
2267
2267
2271
2272
2273
2275
2276
2277
2280
2281
2282
2283
2286
2287
2287
2288
2291
2291
2293
2293
2296
2297
2297
2300
2301
2303
2303
2306
2307
2307
2309
2312
2313
2314
2316
2317
2317
2321
2322
2323
2325
2326
2327
2330
2331
2333
2333
2336
2337
2337
2340
2342
2342
2343
2346
2347
2347
2348
2351
2353
2353
2355
2356
2357
2360
2361
2361
2362
2366
2367
2367
2369
2369
2372
2372
2373
2376
2377
2377
2377
2381
2383
2385
2385
2386
2387
2390
2391
2393
2393
2396
2397
2397
2401
2401
2402
2403
2404
2407
2407
2407
2410
2410
2411
2412
2416
2417
2417
2417
2419
2420
2422
2423
2425
2427
2427
2428
2429
2430
2432
2432
2433
2437
2437
2438
2439
2440
2441
2443
2444
2445
2447
2447
2448
2448
2450
2451
2453
2454
2455
2455
2457
2458
2459
2459
2460
2463
2463
2464
2464
2465
2467
2467
2468
2470
2470
2471
2471
2474
2475
2475
2475
2477
2478
2479
2479
2481
2483
2483
2484
2486
2486
2487
2488
2489
2489
2491
2493
2493
2495
2495
2496
2498
2499
2499
2500
2501
2503
2504
2505
2506
2508
2509
2509
2510
2512
2512
2514
2515
2516
2516
2518
2520
2520
2520
2524
2524
2525
2525
2526
2527
2530
2530
2532
2533
2535
2535
2536
2537
2540
2540
2540
2543
2544
2545
2546
2547
2548
2550
2551
2552
2552
2555
2555
2557
2557
2559
2559
2561
2561
2564
2565
2566
2567
2568
2569
2572
2572
2574
2574
2577
2577
2578
2579
2581
2582
2583
2585
2585
2587
2589
2589
2591
2593
2594
2595
2597
2598
2600
2603
2606
2607
2608
2609
2611
2614
2615
2616
2617
2621
2621
2625
2625
2626
2627
2630
2632
2635
2635
2636
2637
2640
2640
2645
2645
2646
2647
2650
2653
2655
2656
2657
2660
2662
2665
2666
2667
2669
2671
2674
2675
2677
2677
2680
2683
2686
2686
2687
2688
2693
2695
2695
2697
2699
2701
2705
2706
2707
2708
2711
2714
2715
2717
2717
2721
2725
2727
2729
2735
2736
2737
2925
2928
2943
2945
2963
2965
2983
2985
3003
3005
3023
3025
3043
3045
3050
3063
3065
3069
3070
3083
3085
3089
3090
3103
3105
3109
3110
3123
3125
3129
3130
3143
3145
3149
3150
3163
3165
3169
3170
3183
3185
3189
3190
3203
3205
3209
3210
3219
3222
3223
3230
3233
3236
3240
3245
3245
3246
3248
3255
3257
3259
3260
3264
3266
3268
3271
3271
3272
3275
3278
3280
3281
3282
3283
3285
3285
3291
3292
3292
3293
3295
3296
3299
3301
3302
3303
3305
3305
3306
3310
3311
3311
3312
3316
3316
3316
3317
3319
3321
3322
3323
3323
3326
3327
3328
3329
3329
3331
3334
3334
3336
3336
3337
3338
3339
3341
3342
3344
3345
3347
3347
3348
3348
3350
3352
3352
3353
3355
3356
3356
3357
3358
3360
3361
3361
3363
3364
3365
3367
3368
3369
3369
3371
3372
3373
3373
3375
3375
3376
3377
3378
3379
3380
3381
3381
3384
3384
3386
3386
3387
3388
3388
3391
3392
3392
3393
3395
3396
3396
3397
3398
3398
3400
3400
3401
3403
3404
3406
3406
3407
3407
3408
3409
3412
3413
3413
3414
3414
3415
3416
3416
3419
3419
3420
3422
3422
3423
3423
3426
3426
3426
3429
3429
3430
3432
3434
3434
3434
3436
3437
3439
3442
3442
3442
3443
3443
3445
3446
3449
3450
3450
3450
3451
3452
3454
3455
3457
3457
3459
3460
3461
3461
3462
3464
3467
3467
3468
3469
3471
3473
3473
3475
3476
3477
3479
3480
3481
3483
3486
3486
3486
3487
3491
3492
3493
3495
3496
3497
3497
3500
3501
3503
3503
3506
3506
3507
3509
3512
3513
3513
3515
3516
3517
3520
3520
3521
3523
3526
3526
3527
3527
3531
3532
3533
3533
3536
3536
3537
3538
3541
3542
3543
3544
3546
3547
3548
3551
3551
3553
3555
3556
3557
3558
3560
3561
3563
3565
3565
3566
3567
3571
3572
3573
3573
3576
3577
3579
3581
3581
3583
3586
3586
3587
3588
3591
3592
3593
3596
3596
3597
3600
3601
3603
3603
3606
3607
3607
3610
3611
3613
3615
3616
3617
3617
3621
3622
3623
3625
3626
3627
3630
3631
3632
3633
3636
3637
3637
3638
3641
3643
3644
3645
3646
3647
3650
3651
3652
3653
3656
3656
3657
3660
3661
3662
3663
3666
3667
3668
3669
3671
3673
3675
3676
3676
3677
3681
3682
3682
3683
3686
3687
3687
3690
3691
3693
3693
3696
3697
3698
3700
3701
3703
3706
3706
3707
3707
3711
3712
3713
3715
3716
3717
3720
3721
3722
3723
3726
3727
3727
3728
3731
3731
3733
3733
3736
3737
3737
3740
3741
3743
3743
3746
3747
3747
3749
3752
3753
3754
3756
3757
3757
3761
3762
3763
3765
3766
3767
3770
3771
3773
3773
3776
3777
3777
3780
3782
3782
3783
3786
3787
3787
3788
3791
3793
3793
3795
3796
3797
3800
3801
3801
3802
3806
3807
3807
3809
3809
3812
3812
3813
3816
3817
3817
3817
3821
3823
3825
3825
3826
3827
3830
3831
3833
3833
3836
3837
3837
3841
3841
3842
3843
3844
3847
3847
3847
3850
3850
3851
3852
3856
3857
3857
3857
3859
3860
3862
3863
3865
3867
3867
3868
3869
3870
3872
3872
3873
3877
3877
3878
3879
3880
3881
3883
3884
3885
3887
3887
3888
3888
3890
3891
3893
3894
3895
3895
3897
3898
3899
3899
3900
3903
3903
3904
3904
3905
3907
3907
3908
3910
3910
3911
3911
3914
3915
3915
3915
3917
3918
3919
3919
3921
3923
3923
3924
3926
3926
3927
3928
3929
3929
3931
3933
3933
3935
3935
3936
3938
3939
3939
3940
3941
3943
3944
3945
3946
3948
3949
3949
3950
3952
3952
3954
3955
3956
3956
3958
3960
3960
3960
3964
3964
3965
3965
3966
3967
3970
3970
3972
3973
3975
3975
3976
3977
3980
3980
3980
3983
3984
3985
3986
3987
3988
3990
3991
3992
3992
3995
3995
3997
3997
3999
3999
4001
4001
4004
4005
4006
4007
4008
4009
4012
4012
4014
4014
4017
4017
4018
4019
4021
4022
4023
4025
4025
4027
4029
4029
4031
4033
4034
4035
4037
4038
4040
4043
4046
4047
4048
4049
4051
4054
4055
4056
4057
4061
4061
4065
4065
4066
4067
4070
4072
4075
4075
4076
4077
4080
4080
4085
4085
4086
4087
4090
4093
4095
4096
4097
4100
4102
4105
4106
4107
4109
4111
4114
4115
4117
4117
4120
4123
4126
4126
4127
4128
4133
4135
4135
4137
4139
4141
4145
4146
4147
4148
4151
4154
4155
4157
4157
4161
4165
4167
4169
4175
4176
4177
4365
4368
4383
4385
4403
4405
4423
4425
4443
4445
4463
4465
4483
4485
4490
4503
4505
4509
4510
4523
4525
4529
4530
4543
4545
4549
4550
4563
4565
4569
4570
4583
4585
4589
4590
4603
4605
4609
4610
4623
4625
4629
4630
4643
4645
4649
4650
4659
4662
4663
4670
4673
4676
4680
4685
4685
4686
4688
4695
4697
4699
4700
4704
4706
4708
4711
4711
4712
4715
4718
4720
4721
4722
4723
4725
4725
4731
4732
4732
4733
4735
4736
4739
4741
4742
4743
4745
4745
4746
4750
4751
4751
4752
4756
4756
4756
4757
4759
4761
4762
4763
4763
4766
4767
4768
4769
4769
4771
4774
4774
4776
4776
4777
4778
4779
4781
4782
4784
4785
4787
4787
4788
4788
4790
4792
4792
4793
4795
4796
4796
4797
4798
4800
4801
4801
4803
4804
4805
4807
4808
4809
4809
4811
4812
4813
4813
4815
4815
4816
4817
4818
4819
4820
4821
4821
4824
4824
4826
4826
4827
4828
4828
4831
4832
4832
4833
4835
4836
4836
4837
4838
4838
4840
4840
4841
4843
4844
4846
4846
4847
4847
4848
4849
4852
4853
4853
4854
4854
4855
4856
4856
4859
4859
4860
4862
4862
4863
4863
4866
4866
4866
4869
4869
4870
4872
4874
4874
4874
4876
4877
4879
4882
4882
4882
4883
4883
4885
4886
4889
4890
4890
4890
4891
4892
4894
4895
4897
4897
4899
4900
4901
4901
4902
4904
4907
4907
4908
4909
4911
4913
4913
4915
4916
4917
4919
4920
4921
4923
4926
4926
4926
4927
4931
4932
4933
4935
4936
4937
4937
4940
4941
4943
4943
4946
4946
4947
4949
4952
4953
4953
4955
4956
4957
4960
4960
4961
4963
4966
4966
4967
4967
4971
4972
4973
4973
4976
4976
4977
4978
4981
4982
4983
4984
4986
4987
4988
4991
4991
4993
4995
4996
4997
4998
5000
5001
5003
5005
5005
5006
5007
5011
5012
5013
5013
5016
5017
5019
5021
5021
5023
5026
5026
5027
5028
5031
5032
5033
5036
5036
5037
5040
5041
5043
5043
5046
5047
5047
5050
5051
5053
5055
5056
5057
5057
5061
5062
5063
5065
5066
5067
5070
5071
5072
5073
5076
5077
5077
5078
5081
5083
5084
5085
5086
5087
5090
5091
5092
5093
5096
5096
5097
5100
5101
5102
5103
5106
5107
5108
5109
5111
5113
5115
5116
5116
5117
5121
5122
5122
5123
5126
5127
5127
5130
5131
5133
5133
5136
5137
5138
5140
5141
5143
5146
5146
5147
5147
5151
5152
5153
5155
5156
5157
5160
5161
5162
5163
5166
5167
5167
5168
5171
5171
5173
5173
5176
5177
5177
5180
5181
5183
5183
5186
5187
5187
5189
5192
5193
5194
5196
5197
5197
5201
5202
5203
5205
5206
5207
5210
5211
5213
5213
5216
5217
5217
5220
5222
5222
5223
5226
5227
5227
5228
5231
5233
5233
5235
5236
5237
5240
5241
5241
5242
5246
5247
5247
5249
5249
5252
5252
5253
5256
5257
5257
5257
5261
5263
5265
5265
5266
5267
5270
5271
5273
5273
5276
5277
5277
5281
5281
5282
5283
5284
5287
5287
5287
5290
5290
5291
5292
5296
5297
5297
5297
5299
5300
5302
5303
5305
5307
5307
5308
5309
5310
5312
5312
5313
5317
5317
5318
5319
5320
5321
5323
5324
5325
5327
5327
5328
5328
5330
5331
5333
5334
5335
5335
5337
5338
5339
5339
5340
5343
5343
5344
5344
5345
5347
5347
5348
5350
5350
5351
5351
5354
5355
5355
5355
5357
5358
5359
5359
5361
5363
5363
5364
5366
5366
5367
5368
5369
5369
5371
5373
5373
5375
5375
5376
5378
5379
5379
5380
5381
5383
5384
5385
5386
5388
5389
5389
5390
5392
5392
5394
5395
5396
5396
5398
5400
5400
5400
5404
5404
5405
5405
5406
5407
5410
5410
5412
5413
5415
5415
5416
5417
5420
5420
5420
5423
5424
5425
5426
5427
5428
5430
5431
5432
5432
5435
5435
5437
5437
5439
5439
5441
5441
5444
5445
5446
5447
5448
5449
5452
5452
5454
5454
5457
5457
5458
5459
5461
5462
5463
5465
5465
5467
5469
5469
5471
5473
5474
5475
5477
5478
5480
5483
5486
5487
5488
5489
5491
5494
5495
5496
5497
5501
5501
5505
5505
5506
5507
5510
5512
5515
5515
5516
5517
5520
5520
5525
5525
5526
5527
5530
5533
5535
5536
5537
5540
5542
5545
5546
5547
5549
5551
5554
5555
5557
5557
5560
5563
5566
5566
5567
5568
5573
5575
5575
5577
5579
5581
5585
5586
5587
5588
5591
5594
5595
5597
5597
5601
5605
5607
5609
5615
5616
5617
5805
5808
5823
5825
5843
5845
5863
5865
5883
5885
5903
5905
5923
5925
5930
5943
5945
5949
5950
5963
5965
5969
5970
5983
5985
5989
5990
6003
6005
6009
6010
6023
6025
6029
6030
6043
6045
6049
6050
6063
6065
6069
6070
6083
6085
6089
6090
6099
6102
6103
6110
6113
6116
6120
6125
6125
6126
6128
6135
6137
6139
6140
6144
6146
6148
6151
6151
6152
6155
6158
6160
6161
6162
6163
6165
6165
6171
6172
6172
6173
6175
6176
6179
6181
6182
6183
6185
6185
6186
6190
6191
6191
6192
6196
6196
6196
6197
6199
6201
6202
6203
6203
6206
6207
6208
6209
6209
6211
6214
6214
6216
6216
6217
6218
6219
6221
6222
6224
6225
6227
6227
6228
6228
6230
6232
6232
6233
6235
6236
6236
6237
6238
6240
6241
6241
6243
6244
6245
6247
6248
6249
6249
6251
6252
6253
6253
6255
6255
6256
6257
6258
6259
6260
6261
6261
6264
6264
6266
6266
6267
6268
6268
6271
6272
6272
6273
6275
6276
6276
6277
6278
6278
6280
6280
6281
6283
6284
6286
6286
6287
6287
6288
6289
6292
6293
6293
6294
6294
6295
6296
6296
6299
6299
6300
6302
6302
6303
6303
6306
6306
6306
6309
6309
6310
6312
6314
6314
6314
6316
6317
6319
6322
6322
6322
6323
6323
6325
6326
6329
6330
6330
6330
6331
6332
6334
6335
6337
6337
6339
6340
6341
6341
6342
6344
6347
6347
6348
6349
6351
6353
6353
6355
6356
6357
6359
6360
6361
6363
6366
6366
6366
6367
6371
6372
6373
6375
6376
6377
6377
6380
6381
6383
6383
6386
6386
6387
6389
6392
6393
6393
6395
6396
6397
6400
6400
6401
6403
6406
6406
6407
6407
6411
6412
6413
6413
6416
6416
6417
6418
6421
6422
6423
6424
6426
6427
6428
6431
6431
6433
6435
6436
6437
6438
6440
6441
6443
6445
6445
6446
6447
6451
6452
6453
6453
6456
6457
6459
6461
6461
6463
6466
6466
6467
6468
6471
6472
6473
6476
6476
6477
6480
6481
6483
6483
6486
6487
6487
6490
6491
6493
6495
6496
6497
6497
6501
6502
6503
6505
6506
6507
6510
6511
6512
6513
6516
6517
6517
6518
6521
6523
6524
6525
6526
6527
6530
6531
6532
6533
6536
6536
6537
6540
6541
6542
6543
6546
6547
6548
6549
6551
6553
6555
6556
6556
6557
6561
6562
6562
6563
6566
6567
6567
6570
6571
6573
6573
6576
6577
6578
6580
6581
6583
6586
6586
6587
6587
6591
6592
6593
6595
6596
6597
6600
6601
6602
6603
6606
6607
6607
6608
6611
6611
6613
6613
6616
6617
6617
6620
6621
6623
6623
6626
6627
6627
6629
6632
6633
6634
6636
6637
6637
6641
6642
6643
6645
6646
6647
6650
6651
6653
6653
6656
6657
6657
6660
6662
6662
6663
6666
6667
6667
6668
6671
6673
6673
6675
6676
6677
6680
6681
6681
6682
6686
6687
6687
6689
6689
6692
6692
6693
6696
6697
6697
6697
6701
6703
6705
6705
6706
6707
6710
6711
6713
6713
6716
6717
6717
6721
6721
6722
6723
6724
6727
6727
6727
6730
6730
6731
6732
6736
6737
6737
6737
6739
6740
6742
6743
6745
6747
6747
6748
6749
6750
6752
6752
6753
6757
6757
6758
6759
6760
6761
6763
6764
6765
6767
6767
6768
6768
6770
6771
6773
6774
6775
6775
6777
6778
6779
6779
6780
6783
6783
6784
6784
6785
6787
6787
6788
6790
6790
6791
6791
6794
6795
6795
6795
6797
6798
6799
6799
6801
6803
6803
6804
6806
6806
6807
6808
6809
6809
6811
6813
6813
6815
6815
6816
6818
6819
6819
6820
6821
6823
6824
6825
6826
6828
6829
6829
6830
6832
6832
6834
6835
6836
6836
6838
6840
6840
6840
6844
6844
6845
6845
6846
6847
6850
6850
6852
6853
6855
6855
6856
6857
6860
6860
6860
6863
6864
6865
6866
6867
6868
6870
6871
6872
6872
6875
6875
6877
6877
6879
6879
6881
6881
6884
6885
6886
6887
6888
6889
6892
6892
6894
6894
6897
6897
6898
6899
6901
6902
6903
6905
6905
6907
6909
6909
6911
6913
6914
6915
6917
6918
6920
6923
6926
6927
6928
6929
6931
6934
6935
6936
6937
6941
6941
6945
6945
6946
6947
6950
6952
6955
6955
6956
6957
6960
6960
6965
6965
6966
6967
6970
6973
6975
6976
6977
6980
6982
6985
6986
6987
6989
6991
6994
6995
6997
6997
7000
7003
7006
7006
7007
7008
7013
7015
7015
7017
7019
7021
7025
7026
7027
7028
7031
7034
7035
7037
7037
7041
7045
7047
7049
7055
7056
7057
7248
7263
7283
7303
7323
7343
7363
7370
7383
7390
7403
7410
7423
7430
7443
7450
7463
7470
7483
7490
7503
7510
7523
7530
7543
7550
7563
7570
7583
7590
7603
7610
7615
7624
7628
7636
7641
7648
7653
7660
7665
7672
7677
7684
7688
7696
7701
7708
7713
7720
7725
7732
7737
7744
7748
7756
7761
7768
7773
7780
7785
7792
7797
7804
7808
7816
7821
7828
7833
7840
7845
7852
7857
7864
7868
7876
7881
7888
7893
7900
7905
7912
7917
7924
7928
7936
7941
7948
7953
7954
7960
7965
7966
7970
7972
7977
7978
7982
7984
7988
7990
7994
7996
8001
8002
8006
8008
8013
8014
8018
8020
8025
8026
8030
8032
8037
8038
8042
8044
8048
8050
8054
8056
8061
8062
8066
8068
8073
8074
8078
8080
8085
8086
8090
8092
8097
8098
8102
8104
8108
8110
8114
8116
8121
8122
8126
8128
8133
8134
8138
8140
8145
8146
8150
8152
8157
8158
8162
8164
8168
8170
8174
8176
8181
8182
8186
8188
8193
8194
8198
8200
8205
8206
8210
8212
8217
8218
8222
8224
8228
8230
8234
8236
8241
8242
8246
8248
8253
8254
8258
8260
8265
8266
8270
8272
8277
8278
8282
8284
8288
8290
8294
8296
8301
8302
8306
8308
8313
8314
8318
8320
8325
8326
8330
8332
8337
8338
8342
8344
8348
8350
8354
8356
8362
8362
8366
8368
8373
8374
8378
8380
8385
8387
8389
8392
8397
8400
8401
8404
8408
8412
8413
8416
8421
8424
8425
8428
8433
8437
8439
8440
8445
8449
8450
8452
8457
8461
8463
8464
8468
8473
8475
8476
8481
8485
8487
8488
8493
8497
8499
8500
8505
8509
8511
8512
8517
8521
8523
8524
8528
8533
8535
8536
8541
8545
8547
8548
8553
8557
8557
8560
8565
8569
8570
8572
8577
8581
8583
8584
8588
8595
8596
8598
8601
8607
8610
8611
8613
8619
8622
8623
8625
8631
8633
8636
8637
8643
8646
8648
8650
8655
8659
8661
8663
8667
8672
8673
8677
8680
8683
8685
8690
8695
8701
8703
8705
8709
8714
8723
8725
8729
8730
8743
8745
8749
8750
8763
8765
8769
8770
8783
8785
8789
8790
8803
8805
8809
8810
8823
8825
8829
8830
8843
8845
8849
8850
8863
8865
8869
8870
8883
8885
8889
8890
8903
8905
8909
8910
8923
8925
8929
8930
8943
8945
8949
8950
8963
8965
8969
8970
8980
8983
8989
8990
9000
9003
9009
9010
9020
9023
9025
9029
9040
9043
9045
9049
9055
9060
9064
9068
9069
9076
9080
9081
9088
9089
9093
9100
9100
9105
9109
9112
9117
9117
9124
9128
9129
9132
9136
9141
9143
9147
9149
9153
9158
9159
9160
9165
9172
9173
9175
9177
9184
9188
9189
9192
9196
9201
9203
9207
9210
9213
9216
9220
9221
9225
9227
9232
9233
9237
9239
9244
9245
9249
9251
9256
9257
9261
9263
9269
9270
9273
9275
9280
9282
9285
9287
9292
9293
9297
9299
9304
9305
9308
9311
9316
9317
9321
9323
9329
9329
9333
9335
9340
9341
9345
9347
9352
9353
9357
9359
9364
9365
9367
9371
9376
9377
9381
9383
9389
9389
9393
9395
9400
9402
9405
9407
9412
9413
9417
9419
9424
9425
9427
9431
9436
9437
9441
9443
9449
9449
9453
9455
9460
9461
9465
9467
9472
9473
9477
9479
9484
9485
9488
9491
9496
9497
9501
9503
9509
9509
9513
9515
9520
9522
9525
9527
9532
9533
9537
9539
9544
9545
9548
9551
9556
9557
9561
9563
9569
9569
9573
9575
9580
9581
9585
9587
9592
9593
9597
9599
9604
9605
9608
9611
9616
9617
9621
9623
9629
9629
9633
9635
9640
9642
9645
9647
9652
9653
9657
9659
9664
9665
9668
9671
9676
9677
9681
9683
9689
9689
9693
9695
9700
9701
9705
9707
9712
9713
9717
9719
9724
9725
9728
9731
9736
9737
9741
9743
9749
9749
9753
9755
9760
9762
9765
9767
9772
9773
9777
9779
9784
9784
9789
9791
9796
9796
9801
9803
9808
9809
9813
9815
9820
9821
9825
9827
9832
9833
9837
9839
9844
9845
9849
9851
9856
9857
9861
9863
9868
9869
9873
9875
9880
9881
9885
9887
9892
9893
9897
9899
9904
9905
9909
9911
9916
9917
9921
9923
9928
9929
9933
9937
9940
9941
9945
9947
9952
9953
9957
9961
9964
9965
9969
9971
9976
9977
9982
9983
9988
9991
9994
9998
10001
10005
10005
10012
10013
10017
10020
10024
10027
10029
10036
10039
10041
10043
10051
10053
10054
10058
10062
10065
10066
10073
10075
10076
10086
10088
10089
10090
10101
10105
10105
10109
10113
10117
10129
10135
10149
10150
10160
10169
10170
10189
10190
10209
10210
10229
10230
10248